biasV 1
biasVT 1
biasVN 1
o UDE_Circle.001
v 3.272197 20.287594 -1.675421
v 3.153936 21.412767 -1.115155
v 3.104951 21.878830 0.016216
v 3.153936 21.412767 1.147587
v 3.272197 20.287594 1.616216
v 3.390458 19.162422 1.147587
v 3.439443 18.696360 0.016216
v 3.445518 18.638561 -1.274014
v 4.347762 21.770903 -1.307362
v 4.501921 20.177361 -1.926565
v 4.359918 22.258781 -0.175497
v 4.439141 21.688694 1.421512
v 4.638825 19.293631 1.147587
v 5.207728 19.255394 -1.144144
v 4.652143 19.194445 -1.133671
v 5.524522 21.903564 -1.218480
v 5.554539 21.336926 -1.661622
v 5.498006 22.181128 0.025671
v 5.707857 21.431322 1.105404
v 5.554351 20.544798 1.403217
v 5.722340 19.655865 1.175246
v 5.812237 18.946762 0.016216
v 5.774761 19.332840 -1.178319
v 8.733078 22.281075 -1.366793
v 8.874756 20.848064 -1.828748
v 8.668915 23.010359 -0.037055
v 8.988791 22.111511 1.257779
v 8.824244 20.871138 1.616216
v 8.942504 19.745966 1.147587
v 9.043970 18.814346 0.016445
v 8.965179 19.598410 -1.306960
v 9.606344 22.090942 -1.204064
v 9.588608 20.951477 -1.673961
v 9.408504 22.665056 0.016216
v 9.470347 22.076649 1.147587
v 9.588608 20.951477 1.616216
v 9.706868 19.826303 1.147587
v 10.144840 19.048618 0.016216
v 9.706868 19.826303 -1.115155
v 10.334692 22.167496 -0.969233
v 10.452953 21.042322 -1.480927
v 10.069448 22.610828 0.016216
v 10.334692 22.167496 1.147587
v 10.452953 21.042322 1.477499
v 10.571214 19.917150 1.147587
v 10.972540 19.488121 0.016216
v 10.571214 19.917150 -1.115155
v 10.902546 22.428055 -0.978850
v 11.334804 21.135010 -1.440335
v 10.280923 22.833931 0.016216
v 10.902546 22.428055 0.907688
v 11.334804 21.135010 1.409015
v 11.453064 20.009836 1.147587
v 11.778590 19.877106 0.016216
v 11.453064 20.009836 -1.115155
v 3.203601 20.940235 1.561757
v 4.441229 21.190882 1.596748
v 3.962691 19.964436 1.543475
v 3.784934 21.561398 1.285141
v 5.038580 20.447857 1.579447
v 5.090581 20.948111 1.539776
v 3.822087 21.039989 1.592956
v 5.125574 21.502966 1.192787
v 3.732435 22.068806 -0.079640
v 6.957933 22.872141 -0.087667
v 7.144699 21.595455 1.615501
v 7.116410 21.829241 -1.115155
v 3.129444 21.645798 0.581901
v 6.031181 22.127190 0.835869
v 6.321624 21.745705 -1.115155
v 7.816696 23.053120 -0.075830
v 6.147742 22.517914 -0.051000
v 5.978667 20.439054 -1.827921
v 8.964890 22.747520 0.683978
v 6.887838 22.656891 0.843231
v 7.948087 22.716637 0.758195
v 8.055045 21.806900 1.747533
v 4.395146 22.119232 0.648252
v 5.062483 21.968370 0.661524
v 7.871471 22.167061 -1.395041
v 3.733881 21.980494 0.682867
v 7.685496 19.455753 -1.300497
v 7.761460 18.750164 0.016216
v 5.883649 20.997101 1.302999
v 7.504100 20.746929 -1.790889
v 7.174019 20.596123 1.488822
v 6.754368 19.157505 0.581901
v 5.951925 19.731853 1.032827
v 6.278351 19.626305 1.135850
v 6.392409 20.465864 1.428484
v 7.054768 19.570974 1.141504
v 8.131002 20.755608 1.562699
v 8.149487 19.672455 1.145032
v 5.786309 19.193457 0.581901
v 5.196932 19.448753 1.117590
v 3.798987 20.288063 -1.671316
v 3.963042 18.950237 -1.572698
v 5.194706 19.115681 0.016216
v 3.943278 19.303860 0.909648
v 3.740299 21.235081 -1.032210
v 5.197898 19.234203 0.581901
v 5.786309 19.193457 -0.549469
v 3.996895 19.099056 0.016216
v 4.601469 19.053432 0.016216
v 4.613547 19.236326 0.581901
v 3.966052 19.239843 0.462932
v 3.966052 19.239843 -0.507997
v 4.613547 19.236326 -0.549469
v 5.197898 19.234203 -0.549469
v 10.134865 19.911469 -1.074763
v 10.553108 19.321476 0.016216
v 10.134865 19.911469 1.107195
v 10.020826 20.996469 1.559093
v 9.906788 22.081472 1.107195
v 9.625458 22.349165 0.016216
v 9.906788 22.081472 -1.146865
v 10.020826 20.996469 -1.611563
v 3.964451 19.624531 1.278979
v 4.575280 19.719574 1.382058
v 4.511736 20.145517 1.616528
v 7.144257 20.994598 1.372506
v 8.158137 21.152893 1.435177
v 6.473476 21.041588 1.335712
v 6.234353 21.384010 1.371781
v 9.445854 22.309681 0.581901
v 5.452472 21.344545 1.002566
v 11.343904 21.997280 -1.115155
v 12.052200 21.210409 -1.207392
v 11.381232 21.642128 1.147587
v 12.558616 21.263636 1.273576
v 13.177374 21.328671 1.147587
v 13.866966 20.567196 0.016216
v 13.177374 21.328671 -1.115155
v 11.068516 28.722378 0.016216
v 11.118539 28.727636 0.751195
v 11.763580 28.819691 1.079208
v 12.267592 28.848406 0.744942
v 12.352417 28.857321 0.016216
v 12.234035 28.844879 -0.762277
v 5.923951 21.893024 -0.547919
v 6.587109 20.633183 -1.483505
v 6.437175 21.304989 -1.322281
v 4.240154 21.165768 -1.640380
v 4.728870 19.496834 -1.730439
v 5.135629 20.013504 -1.881989
v 6.294994 19.955708 -1.356776
v 6.398184 19.943445 -1.270787
v 7.070097 19.709305 -1.396926
v 7.132833 20.084030 -1.488226
v 8.250720 20.761753 -1.862611
v 8.067863 21.468168 -1.607803
v 8.757549 21.523087 -1.628436
v 6.759660 21.039370 -1.436222
v 6.069607 21.319984 -1.535728
v 13.211809 20.330074 0.016216
v 13.847910 20.557491 -0.185789
v 13.748861 21.877848 0.016216
v 13.544893 20.412054 0.016216
v 13.954839 20.923023 0.016216
v 13.453751 20.940742 -0.703894
v 13.528679 20.877140 0.846470
v 12.970910 22.313318 -1.006437
v 12.591269 21.770065 -1.323108
v 13.847910 20.557491 0.181633
v 13.162991 20.447395 0.196228
v 13.162991 20.447395 -0.163796
v 12.905403 21.810255 1.031341
v 11.839407 24.651829 1.556844
v 11.570919 23.819958 -1.474165
v 11.595659 22.446741 -1.417957
v 11.373963 25.693863 -1.474165
v 12.772743 22.254612 1.273312
v 13.057145 25.034903 0.862025
v 12.019447 22.938860 1.630765
v 10.297399 23.984531 0.016216
v 10.670902 24.780132 1.147587
v 10.610907 22.812862 0.016216
v 11.028593 24.997265 -1.115155
v 12.712065 26.530565 -0.965993
v 13.420013 25.062513 0.016216
v 13.048559 26.633085 0.016216
v 12.198536 24.689575 -1.450774
v 13.361559 23.446754 0.016216
v 10.967266 22.597450 0.662694
v 10.364969 25.497534 -0.351273
v 10.364969 25.497534 0.383705
v 10.979252 27.016878 -0.313810
v 10.905645 27.009142 0.353238
v 10.428432 25.979485 0.016216
v 10.912245 27.247477 0.016216
v 10.692092 26.388693 0.949391
v 10.951483 27.219122 0.787050
v 11.254679 26.447823 1.212471
v 11.838931 26.383671 1.417100
v 11.079701 26.956005 -0.764140
v 10.949765 25.747263 -1.016057
v 11.386227 26.881567 -1.036505
v 12.931336 24.431385 -1.020907
v 11.536125 29.122959 1.282401
v 11.213511 29.185453 1.121177
v 11.118539 28.727636 -0.718763
v 12.899017 23.780872 1.402400
v 11.014864 29.714037 0.876088
v 10.899322 29.012869 -0.718763
v 11.206975 29.404919 0.125456
v 10.893654 29.132032 -0.242033
v 11.045052 29.717209 0.429784
v 10.915835 29.114758 0.389264
v 11.766955 28.795788 -1.012969
v 11.311210 29.792103 -1.400521
v 11.965866 30.128569 -1.291996
v 12.245975 29.297934 0.922132
v 12.291267 29.366066 0.777296
v 12.106726 29.338526 0.973909
v 12.176400 29.475725 0.855628
v 12.280993 29.194370 0.502815
v 12.328944 29.124250 0.022812
v 12.170687 29.036257 -0.568769
v 12.517417 31.522709 -0.068099
v 12.041938 29.070034 -0.772535
v 12.096689 29.277969 -0.692601
v 12.414778 31.369972 0.613802
v 12.100768 29.591761 0.838384
v 12.011698 29.443378 1.002392
v 10.555796 29.726238 -0.998839
v 10.788504 29.550434 -0.242033
v 11.184403 29.048794 -1.112032
v 10.836222 29.846199 -0.276915
v 11.276280 28.903759 -0.888968
v 11.441278 28.895729 -0.952427
v 11.406608 29.024921 -1.124022
v 11.527721 28.868135 -0.976015
v 11.236016 29.828638 -1.349482
v 11.161015 30.684608 -1.282106
v 11.127736 29.735580 -1.361130
v 11.225525 29.675756 -0.034650
v 11.055350 29.874407 -1.461280
v 10.725679 29.790783 -1.367950
v 10.854660 29.821138 -1.441713
v 10.507808 30.446159 -1.605456
v 10.383242 30.419874 -1.541161
v 10.664393 30.516977 -1.595787
v 10.614666 29.923044 -0.632432
v 11.104970 29.761808 0.320155
v 11.290199 28.837620 0.827008
v 11.471336 29.626110 1.383289
v 11.141191 29.737061 1.185692
v 12.261909 29.340506 0.477833
v 11.982367 29.167696 1.146697
v 11.861921 29.626482 1.314698
v 11.871859 30.586132 1.347613
v 11.969022 30.588737 1.311884
v 11.055033 30.428585 -0.542042
v 10.354868 31.073828 -1.345904
v 10.238163 31.039608 -1.312432
v 10.542940 31.136292 -1.268282
v 10.076795 30.919878 -1.075590
v 10.378371 30.739323 -0.808731
v 10.216645 30.400341 -0.866931
v 10.911002 29.415159 -1.327007
v 10.157728 30.480242 -1.075590
v 10.241952 30.661522 -0.902683
v 10.191633 30.752087 -1.220652
v 11.056577 29.265743 0.928334
v 11.015175 29.215420 0.831072
v 10.195514 30.467619 -0.882583
v 10.776898 30.412279 -0.638569
v 10.186604 30.497765 -0.969191
v 10.629004 30.971634 -0.833311
v 10.722866 30.995167 -0.978370
v 10.734289 30.987782 -1.101476
v 11.930582 29.168386 -0.882886
v 12.241506 30.705822 1.038649
v 11.614295 30.438532 1.405133
v 11.295693 29.951912 -1.331077
v 11.405512 30.571009 -1.287897
v 11.096350 30.407070 0.687430
v 11.088111 30.253172 1.123053
v 11.223653 30.135126 -0.242913
v 11.321738 30.197372 0.260118
v 11.823588 30.770168 -1.309945
v 11.151001 30.647430 -0.801590
v 12.292902 31.831921 -0.052514
v 12.240044 31.480656 0.807534
v 12.265760 31.468441 0.323155
v 12.199430 31.503382 -0.445261
v 12.365294 31.377556 -1.021449
v 12.104428 31.559011 -0.877564
v 10.652418 32.228855 0.020432
v 10.764849 32.001961 0.786391
v 10.793656 32.024632 -0.828190
v 10.488235 32.050800 0.020432
v 10.367088 30.822891 0.054272
v 10.669971 32.134235 -0.212829
v 10.565354 31.987684 -0.212829
v 10.436511 30.871386 -0.229356
v 10.740241 32.154022 0.227978
v 10.631443 32.047245 0.227978
v 10.528124 31.003279 0.252743
v 12.057325 31.716913 -0.259653
v 12.061931 31.702539 0.211711
v 10.756352 31.817707 -0.324822
v 11.817741 31.540749 -0.407900
v 11.816529 31.258245 -0.102091
v 10.768495 31.817852 0.301962
v 11.697790 31.446415 0.294881
v 10.953602 31.504082 -0.026089
v 10.631277 31.119253 -0.269202
v 10.740542 31.205673 0.151524
v 10.701491 31.176062 -0.059320
v 10.889763 31.525818 0.126876
v 10.880929 31.503931 -0.167767
v 10.404506 30.780888 0.051282
v 10.503042 30.815596 -0.197949
v 10.565518 30.944735 0.258673
v 10.484766 30.743790 0.042204
v 11.153110 30.664404 -0.048531
v 11.183229 31.160515 0.103006
v 11.175795 31.121941 -0.059320
v 11.199118 30.975113 0.252348
v 11.191088 30.993519 -0.255635
v 11.295554 30.917675 -0.012156
v 11.910587 31.622952 -0.630428
v 12.008142 31.441427 -1.177317
v 11.982975 31.288685 -1.231718
v 11.806564 31.477695 -0.413499
v 11.676259 31.204351 -0.306772
v 11.627981 30.984879 -1.146756
v 11.586801 31.021711 -0.573224
v 11.586801 31.021711 -0.487196
v 10.814908 32.047207 -0.474027
v 10.823125 31.877724 -0.925916
v 10.921781 31.766376 -0.336360
v 10.933863 31.472168 -0.565422
v 10.966890 31.450243 -1.027581
v 10.654956 31.931515 -0.559971
v 11.308852 30.655022 -0.743401
v 12.180030 30.129198 -1.048396
v 10.645861 31.893293 -0.736446
v 10.390573 30.873196 -0.649234
v 10.406376 30.875195 -0.377184
v 10.998384 31.307463 -0.694766
v 10.928000 31.117908 -0.580099
v 10.724202 31.709126 -0.945139
v 10.788627 31.368818 -0.323276
v 10.748703 31.032812 -0.766132
v 11.451567 30.675718 -0.211730
v 11.273205 30.654778 0.304662
v 11.720677 31.161402 0.412444
v 11.650944 31.012259 0.569319
v 11.683491 31.312391 0.260974
v 12.142986 31.705624 0.549324
v 10.824874 32.159645 0.550689
v 11.741387 31.448738 0.294622
v 10.701524 31.986851 0.309570
v 10.964984 31.485668 0.655732
v 10.937487 31.349253 0.424766
v 11.195770 30.812168 1.060733
v 12.297072 31.332119 1.190382
v 11.854350 31.244257 1.413991
v 12.038026 31.614368 1.242623
v 11.653423 31.134045 0.738064
v 11.776381 31.232985 0.853982
v 11.572515 31.125540 0.738064
v 11.504206 31.254112 0.702470
v 11.407220 31.259104 0.476251
v 10.951948 31.507925 0.293474
v 10.957097 31.399439 0.457790
v 11.641336 31.144651 1.441634
v 11.324864 30.960875 1.259582
v 11.570144 31.229181 0.959547
v 11.557280 31.427666 1.386584
v 11.211228 31.127996 1.207809
v 10.794512 31.298183 1.192472
v 11.501195 31.221935 0.959547
v 10.787084 31.305801 0.927906
v 11.574284 31.626366 1.153106
v 12.029234 31.462523 0.839147
v 12.416068 31.394257 0.307242
v 11.627375 31.317627 0.836387
v 11.488253 31.524595 0.842899
v 10.919917 31.517628 0.834061
v 10.750530 31.838224 1.117790
v 10.914713 31.550407 1.372470
v 11.412807 31.210361 1.383451
v 10.857882 31.338345 1.341641
v 12.263218 31.341303 0.902092
v 12.385969 31.624102 0.571214
v 12.329160 31.255882 -0.458254
v 10.902577 31.718220 0.859870
v 10.732621 31.080082 0.447130
v 10.570018 31.960762 0.573168
v 10.687189 31.945623 0.796071
v 10.611691 31.889690 0.423247
v 10.167298 30.927578 0.673586
v 10.339664 30.906954 0.280716
v 10.670582 31.219891 0.787641
v 10.731596 31.145264 0.600851
v 10.708372 31.079641 0.275594
v 10.444539 30.801617 0.992392
v 10.965904 31.124229 -0.581916
v 11.352074 31.037706 -0.585123
v 11.420507 30.866238 -0.572011
v 11.394924 30.749905 -0.558741
v 10.957861 31.106462 -0.707527
v 11.387765 30.764788 -0.672848
v 11.388720 30.795412 -0.440601
v 11.153790 30.769665 0.132298
v 11.300057 30.844149 -0.356564
v 11.201466 30.664181 -0.688754
v 11.069212 31.314907 -0.694766
v 10.523797 30.749746 -0.642599
v 10.909884 30.927792 -0.312489
v 11.365139 30.667150 -0.566123
v 11.228565 30.786280 -0.722441
v 11.237992 30.942053 -0.737191
v 11.316292 30.976959 -0.421537
v 11.217359 30.673292 -0.428639
v 10.629004 30.971634 -0.833311
v 10.958527 31.106375 -0.490122
v 10.528005 30.754259 -0.401894
v 10.587360 30.875881 -0.296733
v 10.417751 30.880194 -0.731423
v 10.450372 30.979485 -0.792151
v 10.568281 30.975657 -0.304922
v 10.743714 31.063869 -0.328499
v 10.847202 31.090847 -0.452622
v 10.854662 31.126747 -0.461941
v 10.941992 30.878103 -0.797792
v 11.200175 30.820892 -0.196491
v 10.177529 30.927940 0.464532
v 10.359685 30.795536 0.398291
v 10.318947 30.782015 0.602164
v 10.280844 30.909992 0.755148
v 11.137981 30.575663 0.658300
v 11.122555 30.531471 0.436894
v 11.109973 30.672283 0.282101
v 11.123910 30.876719 0.403817
v 10.748909 30.999861 0.424494
v 11.138775 30.878283 0.589810
v 11.148683 30.662691 0.718650
v 11.288849 30.710342 0.497645
v 10.885350 30.920864 0.710108
v 10.666700 30.929821 0.264275
v 10.735327 30.778500 0.282223
v 10.626783 30.968626 0.745169
v 10.542841 31.676182 1.071092
v 10.663325 31.691711 0.890232
v 10.568269 31.660568 1.223987
v 10.708359 31.557297 1.342304
v 10.642366 31.334583 0.803393
v 10.377268 30.937378 1.031778
v 10.441955 30.972321 0.842683
v 10.590213 30.950945 0.801429
v 12.090554 31.555397 0.342497
v 10.459065 30.942575 1.165969
v 10.683098 31.041174 1.113562
v 10.714869 31.356911 1.300365
v 10.610074 30.979053 1.210282
v 10.676184 31.048925 0.940628
v 10.779991 31.245647 0.976207
v 10.765812 31.199236 1.082887
v 10.726623 31.319593 0.878965
v 10.470959 30.819649 0.892830
v 10.572532 30.872696 1.183195
v 10.950747 30.774042 0.927583
v 10.915293 30.731939 1.032803
v 10.919967 30.815588 1.142651
v 10.961097 30.866690 0.885528
v 10.716742 31.057316 1.098911
v 10.733195 31.066349 0.953232
v 10.926075 30.948776 1.175769
v 10.967621 31.009468 1.056554
v 10.969380 30.991919 0.968428
v 11.038111 30.860052 1.067022
v 10.347965 31.028618 -0.808731
v 10.239574 31.689955 -1.144962
v 10.256072 31.375118 -1.260871
v 10.377556 31.428604 -1.265351
v 10.136526 31.400368 -1.200986
v 10.070052 31.364124 -1.013862
v 10.577505 31.324560 -1.101476
v 10.128329 31.674866 -1.119494
v 10.308652 31.707155 -1.131478
v 10.298940 31.716602 -1.083308
v 10.185100 31.706091 -1.075601
v 10.257294 31.692036 -0.979031
v 10.250330 31.527500 -0.536995
v 10.308413 31.143246 -0.815569
v 10.329506 31.072031 -0.711383
v 10.293968 31.129360 -0.317548
v 10.263972 31.381403 -0.056541
v 10.255680 31.460291 -0.056541
v 10.005673 31.410788 -0.863646
v 10.148726 31.106600 -0.752236
v 10.154111 31.147543 -0.375588
v 10.013980 31.331758 -0.453349
v 10.153814 31.369823 -0.115851
v 10.135733 31.535278 -0.529329
v 10.163600 31.457102 -0.105032
v 10.056957 31.457821 -0.509597
v 10.076637 31.578796 -1.013862
v 10.028872 31.532024 -0.822600
v 10.406442 31.196260 -0.374465
v 10.344993 31.390102 -0.134652
v 10.328052 31.463129 -0.070822
v 10.342163 31.556877 -0.538617
v 10.437049 31.379860 -0.377635
v 10.406570 31.532465 -0.517380
v 10.382619 31.689440 -1.087041
v 10.329506 31.072031 -0.711383
v 10.434881 31.147800 -0.757436
v 10.456387 31.340172 -0.769467
v 10.013980 31.331758 -0.453349
v 10.427286 31.635548 -0.985684
vt 0.000000 0.000000
vt 0.000000 0.000000
vt 0.000000 0.000000
vt 0.000000 0.000000
vt 0.000000 0.000000
vt 0.000000 0.000000
vt 0.000000 0.000000
vt 0.000000 0.000000
vt 0.000000 0.000000
vt 0.000000 0.000000
vt 0.000000 0.000000
vt 0.000000 0.000000
vt 0.000000 0.000000
vt 0.000000 0.000000
vt 0.000000 0.000000
vt 0.000000 0.000000
vt 0.000000 0.000000
vt 0.000000 0.000000
vt 0.000000 0.000000
vt 0.000000 0.000000
vt 0.000000 0.000000
vt 0.000000 0.000000
vt 0.000000 0.000000
vt 0.000000 0.000000
vt 0.000000 0.000000
vt 0.000000 0.000000
vt 0.000000 0.000000
vt 0.000000 0.000000
vt 0.000000 0.000000
vt 0.000000 0.000000
vt 0.000000 0.000000
vt 0.000000 0.000000
vt 0.000000 0.000000
vt 0.000000 0.000000
vt 0.000000 0.000000
vt 0.000000 0.000000
vt 0.000000 0.000000
vt 0.000000 0.000000
vt 0.000000 0.000000
vt 0.000000 0.000000
vt 0.000000 0.000000
vt 0.000000 0.000000
vt 0.000000 0.000000
vt 0.000000 0.000000
vt 0.000000 0.000000
vt 0.000000 0.000000
vt 0.000000 0.000000
vt 0.000000 0.000000
vt 0.000000 0.000000
vt 0.000000 0.000000
vt 0.000000 0.000000
vt 0.000000 0.000000
vt 0.000000 0.000000
vt 0.000000 0.000000
vt 0.000000 0.000000
vt 0.000000 0.000000
vt 0.000000 0.000000
vt 0.000000 0.000000
vt 0.000000 0.000000
vt 0.000000 0.000000
vt 0.000000 0.000000
vt 0.000000 0.000000
vt 0.000000 0.000000
vt 0.000000 0.000000
vt 0.000000 0.000000
vt 0.000000 0.000000
vt 0.000000 0.000000
vt 0.000000 0.000000
vt 0.000000 0.000000
vt 0.000000 0.000000
vt 0.000000 0.000000
vt 0.000000 0.000000
vt 0.000000 0.000000
vt 0.000000 0.000000
vt 0.000000 0.000000
vt 0.000000 0.000000
vt 0.000000 0.000000
vt 0.000000 0.000000
vt 0.000000 0.000000
vt 0.000000 0.000000
vt 0.000000 0.000000
vt 0.000000 0.000000
vt 0.000000 0.000000
vt 0.000000 0.000000
vt 0.000000 0.000000
vt 0.000000 0.000000
vt 0.000000 0.000000
vt 0.000000 0.000000
vt 0.000000 0.000000
vt 0.000000 0.000000
vt 0.000000 0.000000
vt 0.000000 0.000000
vt 0.000000 0.000000
vt 0.000000 0.000000
vt 0.000000 0.000000
vt 0.000000 0.000000
vt 0.000000 0.000000
vt 0.000000 0.000000
vt 0.000000 0.000000
vt 0.000000 0.000000
vt 0.000000 0.000000
vt 0.000000 0.000000
vt 0.000000 0.000000
vt 0.000000 0.000000
vt 0.000000 0.000000
vt 0.000000 0.000000
vt 0.000000 0.000000
vt 0.000000 0.000000
vt 0.000000 0.000000
vt 0.000000 0.000000
vt 0.000000 0.000000
vt 0.000000 0.000000
vt 0.000000 0.000000
vt 0.000000 0.000000
vt 0.000000 0.000000
vt 0.000000 0.000000
vt 0.000000 0.000000
vt 0.000000 0.000000
vt 0.000000 0.000000
vt 0.000000 0.000000
vt 0.000000 0.000000
vt 0.000000 0.000000
vt 0.000000 0.000000
vt 0.000000 0.000000
vt 0.000000 0.000000
vt 0.000000 0.000000
vt 0.000000 0.000000
vt 0.000000 0.000000
vt 0.000000 0.000000
vt 0.000000 0.000000
vt 0.000000 0.000000
vt 0.000000 0.000000
vt 0.000000 0.000000
vt 0.000000 0.000000
vt 0.000000 0.000000
vt 0.000000 0.000000
vt 0.000000 0.000000
vt 0.000000 0.000000
vt 0.000000 0.000000
vt 0.000000 0.000000
vt 0.000000 0.000000
vt 0.000000 0.000000
vt 0.000000 0.000000
vt 0.000000 0.000000
vt 0.000000 0.000000
vt 0.000000 0.000000
vt 0.000000 0.000000
vt 0.000000 0.000000
vt 0.000000 0.000000
vt 0.000000 0.000000
vt 0.000000 0.000000
vt 0.000000 0.000000
vt 0.000000 0.000000
vt 0.000000 0.000000
vt 0.000000 0.000000
vt 0.000000 0.000000
vt 0.000000 0.000000
vt 0.000000 0.000000
vt 0.000000 0.000000
vt 0.000000 0.000000
vt 0.000000 0.000000
vt 0.000000 0.000000
vt 0.000000 0.000000
vt 0.000000 0.000000
vt 0.000000 0.000000
vt 0.000000 0.000000
vt 0.000000 0.000000
vt 0.000000 0.000000
vt 0.000000 0.000000
vt 0.000000 0.000000
vt 0.000000 0.000000
vt 0.000000 0.000000
vt 0.000000 0.000000
vt 0.000000 0.000000
vt 0.000000 0.000000
vt 0.000000 0.000000
vt 0.000000 0.000000
vt 0.000000 0.000000
vt 0.000000 0.000000
vt 0.000000 0.000000
vt 0.000000 0.000000
vt 0.000000 0.000000
vt 0.000000 0.000000
vt 0.000000 0.000000
vt 0.000000 0.000000
vt 0.000000 0.000000
vt 0.000000 0.000000
vt 0.000000 0.000000
vt 0.000000 0.000000
vt 0.000000 0.000000
vt 0.000000 0.000000
vt 0.000000 0.000000
vt 0.000000 0.000000
vt 0.000000 0.000000
vt 0.000000 0.000000
vt 0.000000 0.000000
vt 0.000000 0.000000
vt 0.000000 0.000000
vt 0.000000 0.000000
vt 0.000000 0.000000
vt 0.000000 0.000000
vt 0.000000 0.000000
vt 0.000000 0.000000
vt 0.000000 0.000000
vt 0.000000 0.000000
vt 0.000000 0.000000
vt 0.000000 0.000000
vt 0.000000 0.000000
vt 0.000000 0.000000
vt 0.000000 0.000000
vt 0.000000 0.000000
vt 0.000000 0.000000
vt 0.000000 0.000000
vt 0.000000 0.000000
vt 0.000000 0.000000
vt 0.000000 0.000000
vt 0.000000 0.000000
vt 0.000000 0.000000
vt 0.000000 0.000000
vt 0.000000 0.000000
vt 0.000000 0.000000
vt 0.000000 0.000000
vt 0.000000 0.000000
vt 0.000000 0.000000
vt 0.000000 0.000000
vt 0.000000 0.000000
vt 0.000000 0.000000
vt 0.000000 0.000000
vt 0.000000 0.000000
vt 0.000000 0.000000
vt 0.000000 0.000000
vt 0.000000 0.000000
vt 0.000000 0.000000
vt 0.000000 0.000000
vt 0.000000 0.000000
vt 0.000000 0.000000
vt 0.000000 0.000000
vt 0.000000 0.000000
vt 0.000000 0.000000
vt 0.000000 0.000000
vt 0.000000 0.000000
vt 0.000000 0.000000
vt 0.000000 0.000000
vt 0.000000 0.000000
vt 0.000000 0.000000
vt 0.000000 0.000000
vt 0.000000 0.000000
vt 0.000000 0.000000
vt 0.000000 0.000000
vt 0.000000 0.000000
vt 0.000000 0.000000
vt 0.000000 0.000000
vt 0.000000 0.000000
vt 0.000000 0.000000
vt 0.000000 0.000000
vt 0.000000 0.000000
vt 0.000000 0.000000
vt 0.000000 0.000000
vt 0.000000 0.000000
vt 0.000000 0.000000
vt 0.000000 0.000000
vt 0.000000 0.000000
vt 0.000000 0.000000
vt 0.000000 0.000000
vt 0.000000 0.000000
vt 0.000000 0.000000
vt 0.000000 0.000000
vt 0.000000 0.000000
vt 0.000000 0.000000
vt 0.000000 0.000000
vt 0.000000 0.000000
vt 0.000000 0.000000
vt 0.000000 0.000000
vt 0.000000 0.000000
vt 0.000000 0.000000
vt 0.000000 0.000000
vt 0.000000 0.000000
vt 0.000000 0.000000
vt 0.000000 0.000000
vt 0.000000 0.000000
vt 0.000000 0.000000
vt 0.000000 0.000000
vt 0.000000 0.000000
vt 0.000000 0.000000
vt 0.000000 0.000000
vt 0.000000 0.000000
vt 0.000000 0.000000
vt 0.000000 0.000000
vt 0.000000 0.000000
vt 0.000000 0.000000
vt 0.000000 0.000000
vt 0.000000 0.000000
vt 0.000000 0.000000
vt 0.000000 0.000000
vt 0.000000 0.000000
vt 0.000000 0.000000
vt 0.000000 0.000000
vt 0.000000 0.000000
vt 0.000000 0.000000
vt 0.000000 0.000000
vt 0.000000 0.000000
vt 0.000000 0.000000
vt 0.000000 0.000000
vt 0.000000 0.000000
vt 0.000000 0.000000
vt 0.000000 0.000000
vt 0.000000 0.000000
vt 0.000000 0.000000
vt 0.000000 0.000000
vt 0.000000 0.000000
vt 0.000000 0.000000
vt 0.000000 0.000000
vt 0.000000 0.000000
vt 0.000000 0.000000
vt 0.000000 0.000000
vt 0.000000 0.000000
vt 0.000000 0.000000
vt 0.000000 0.000000
vt 0.000000 0.000000
vt 0.000000 0.000000
vt 0.000000 0.000000
vt 0.000000 0.000000
vt 0.000000 0.000000
vt 0.000000 0.000000
vt 0.000000 0.000000
vt 0.000000 0.000000
vt 0.000000 0.000000
vt 0.000000 0.000000
vt 0.000000 0.000000
vt 0.000000 0.000000
vt 0.000000 0.000000
vt 0.000000 0.000000
vt 0.000000 0.000000
vt 0.000000 0.000000
vt 0.000000 0.000000
vt 0.000000 0.000000
vt 0.000000 0.000000
vt 0.000000 0.000000
vt 0.000000 0.000000
vt 0.000000 0.000000
vt 0.000000 0.000000
vt 0.000000 0.000000
vt 0.000000 0.000000
vt 0.000000 0.000000
vt 0.000000 0.000000
vt 0.000000 0.000000
vt 0.000000 0.000000
vt 0.000000 0.000000
vt 0.000000 0.000000
vt 0.000000 0.000000
vt 0.000000 0.000000
vt 0.000000 0.000000
vt 0.000000 0.000000
vt 0.000000 0.000000
vt 0.000000 0.000000
vt 0.000000 0.000000
vt 0.000000 0.000000
vt 0.000000 0.000000
vt 0.000000 0.000000
vt 0.000000 0.000000
vt 0.000000 0.000000
vt 0.000000 0.000000
vt 0.000000 0.000000
vt 0.000000 0.000000
vt 0.000000 0.000000
vt 0.000000 0.000000
vt 0.000000 0.000000
vt 0.000000 0.000000
vt 0.000000 0.000000
vt 0.000000 0.000000
vt 0.000000 0.000000
vt 0.000000 0.000000
vt 0.000000 0.000000
vt 0.000000 0.000000
vt 0.000000 0.000000
vt 0.000000 0.000000
vt 0.000000 0.000000
vt 0.000000 0.000000
vt 0.000000 0.000000
vt 0.000000 0.000000
vt 0.000000 0.000000
vt 0.000000 0.000000
vt 0.000000 0.000000
vt 0.000000 0.000000
vt 0.000000 0.000000
vt 0.000000 0.000000
vt 0.000000 0.000000
vt 0.000000 0.000000
vt 0.000000 0.000000
vt 0.000000 0.000000
vt 0.000000 0.000000
vt 0.000000 0.000000
vt 0.000000 0.000000
vt 0.000000 0.000000
vt 0.000000 0.000000
vt 0.000000 0.000000
vt 0.000000 0.000000
vt 0.000000 0.000000
vt 0.000000 0.000000
vt 0.000000 0.000000
vt 0.000000 0.000000
vt 0.000000 0.000000
vt 0.000000 0.000000
vt 0.000000 0.000000
vt 0.000000 0.000000
vt 0.000000 0.000000
vt 0.000000 0.000000
vt 0.000000 0.000000
vt 0.000000 0.000000
vt 0.000000 0.000000
vt 0.000000 0.000000
vt 0.000000 0.000000
vt 0.000000 0.000000
vt 0.000000 0.000000
vt 0.000000 0.000000
vt 0.000000 0.000000
vt 0.000000 0.000000
vt 0.000000 0.000000
vt 0.000000 0.000000
vt 0.000000 0.000000
vt 0.000000 0.000000
vt 0.000000 0.000000
vt 0.000000 0.000000
vt 0.000000 0.000000
vt 0.000000 0.000000
vt 0.000000 0.000000
vt 0.000000 0.000000
vt 0.000000 0.000000
vt 0.000000 0.000000
vt 0.000000 0.000000
vt 0.000000 0.000000
vt 0.000000 0.000000
vt 0.000000 0.000000
vt 0.000000 0.000000
vt 0.000000 0.000000
vt 0.000000 0.000000
vt 0.000000 0.000000
vt 0.000000 0.000000
vt 0.000000 0.000000
vt 0.000000 0.000000
vt 0.000000 0.000000
vt 0.000000 0.000000
vt 0.000000 0.000000
vt 0.000000 0.000000
vt 0.000000 0.000000
vt 0.000000 0.000000
vt 0.000000 0.000000
vt 0.000000 0.000000
vt 0.000000 0.000000
vt 0.000000 0.000000
vt 0.000000 0.000000
vt 0.000000 0.000000
vt 0.000000 0.000000
vt 0.000000 0.000000
vt 0.000000 0.000000
vt 0.000000 0.000000
vt 0.000000 0.000000
vt 0.000000 0.000000
vt 0.000000 0.000000
vt 0.000000 0.000000
vt 0.000000 0.000000
vt 0.000000 0.000000
vt 0.000000 0.000000
vt 0.000000 0.000000
vt 0.000000 0.000000
vt 0.000000 0.000000
vt 0.000000 0.000000
vt 0.000000 0.000000
vt 0.000000 0.000000
vt 0.000000 0.000000
vt 0.000000 0.000000
vt 0.000000 0.000000
vt 0.000000 0.000000
vt 0.000000 0.000000
vt 0.000000 0.000000
vt 0.000000 0.000000
vt 0.000000 0.000000
vt 0.000000 0.000000
vt 0.000000 0.000000
vt 0.000000 0.000000
vt 0.000000 0.000000
vt 0.000000 0.000000
vt 0.000000 0.000000
vt 0.000000 0.000000
vt 0.000000 0.000000
vt 0.000000 0.000000
vt 0.000000 0.000000
vt 0.000000 0.000000
vt 0.000000 0.000000
vt 0.000000 0.000000
vt 0.000000 0.000000
vt 0.000000 0.000000
vt 0.000000 0.000000
vt 0.000000 0.000000
vt 0.000000 0.000000
vt 0.000000 0.000000
vt 0.000000 0.000000
vt 0.000000 0.000000
vt 0.000000 0.000000
vt 0.000000 0.000000
vt 0.000000 0.000000
vt 0.000000 0.000000
vt 0.000000 0.000000
vt 0.000000 0.000000
vt 0.000000 0.000000
vt 0.000000 0.000000
vt 0.000000 0.000000
vt 0.000000 0.000000
vt 0.000000 0.000000
vt 0.000000 0.000000
vt 0.000000 0.000000
vt 0.000000 0.000000
vt 0.000000 0.000000
vn -0.9945 -0.1045 0.0000
vn -0.0735 0.9161 -0.3941
vn -0.0044 -0.2783 -0.9605
vn -0.2442 -0.8929 0.3782
vn -0.0106 0.0182 0.9998
vn -0.6928 0.5398 -0.4782
vn -0.2442 -0.8929 -0.3782
vn -0.0780 0.4913 -0.8675
vn -0.0642 -0.9264 0.3709
vn 0.3036 -0.4243 0.8531
vn 0.0077 0.9467 0.3220
vn 0.2031 0.4596 -0.8646
vn 0.0681 -0.0081 -0.9976
vn 0.4435 0.2155 0.8700
vn 0.0249 0.9247 0.3798
vn 0.5497 -0.1085 0.8283
vn 0.0657 0.8762 -0.4774
vn 0.0431 -0.8584 -0.5111
vn 0.0307 0.1960 -0.9801
vn 0.3324 -0.8367 -0.4352
vn -0.0541 0.3243 -0.9444
vn 0.3325 -0.3428 -0.8786
vn 0.0805 -0.7658 0.6380
vn 0.2320 0.3947 0.8890
vn 0.4188 0.8460 -0.3301
vn 0.1662 -0.7814 -0.6015
vn 0.0400 -0.3806 0.9239
vn 0.1893 0.4093 0.8925
vn 0.2098 -0.3571 0.9102
vn -0.4804 0.8151 0.3239
vn 0.2253 0.4035 -0.8868
vn -0.0834 -0.3160 -0.9451
vn -0.0316 -0.8842 0.4660
vn -0.1432 0.2646 0.9537
vn -0.0925 0.9652 -0.2445
vn -0.3595 0.7637 -0.5361
vn 0.4235 -0.8776 -0.2248
vn 0.1027 -0.2699 0.9574
vn -0.5614 0.5322 0.6337
vn -0.0016 0.4138 -0.9104
vn 0.0289 -0.2747 -0.9611
vn 0.0966 -0.9188 0.3827
vn 0.1120 0.0670 0.9914
vn -0.2526 0.3203 0.9130
vn -0.2923 0.4706 0.8325
vn -0.0625 0.0765 0.9951
vn -0.4051 0.8551 0.3235
vn -0.3619 0.4781 0.8003
vn -0.3872 0.9043 0.1799
vn -0.3196 0.5057 0.8013
vn -0.1948 0.8986 0.3932
vn -0.0034 0.9391 0.3437
vn 0.1089 0.7376 0.6664
vn 0.0311 0.5930 0.8046
vn -0.2630 0.8365 0.4807
vn -0.3037 0.7698 0.5614
vn -0.1983 0.9736 0.1131
vn -0.4979 0.7940 0.3487
vn -0.0636 -0.8812 -0.4685
vn 0.5649 -0.3805 -0.7322
vn -0.0340 -0.9167 0.3982
vn -0.1897 0.3420 0.9203
vn -0.4356 -0.2104 0.8752
vn -0.0301 -0.3253 0.9451
vn 0.0269 -0.3236 0.9458
vn 0.0303 -0.3592 0.9328
vn -0.1044 0.1725 0.9795
vn -0.4429 -0.3941 0.8053
vn -0.1591 -0.3700 0.9153
vn -0.1188 0.2700 0.9555
vn 0.5181 -0.3008 0.8007
vn -0.1643 0.8157 -0.5547
vn -0.3124 0.6422 -0.7000
vn -0.5477 0.6321 -0.5482
vn 0.3472 -0.1709 0.9221
vn 0.0994 -0.9474 0.3042
vn 0.2678 -0.8942 0.3586
vn 0.0060 0.5596 -0.8287
vn -0.0719 -0.9527 0.2953
vn -0.0498 -0.9934 0.1029
vn -0.3628 -0.2562 -0.8960
vn -0.0690 -0.9969 -0.0367
vn -0.0036 -0.9787 -0.2051
vn 0.1084 -0.9935 -0.0336
vn 0.1725 -0.9506 0.2581
vn -0.0249 -0.9511 -0.3080
vn 0.3053 -0.9403 0.1503
vn 0.0703 0.9757 -0.2076
vn 0.5161 -0.7839 0.3453
vn 0.5615 -0.7773 0.2837
vn 0.5678 -0.7860 -0.2445
vn 0.5906 -0.7791 0.2103
vn 0.7339 -0.6784 0.0338
vn 0.0806 0.3904 0.9171
vn 0.2098 -0.7660 0.6077
vn 0.1682 -0.4229 -0.8904
vn 0.0936 0.3783 -0.9209
vn 0.2882 0.9445 0.1574
vn 0.1592 -0.3653 0.9172
vn 0.4632 -0.6931 -0.5524
vn 0.4269 -0.6948 0.5788
vn -0.0706 -0.4891 0.8694
vn -0.0376 -0.6138 0.7886
vn 0.2985 -0.5852 0.7540
vn -0.0863 -0.3908 0.9164
vn 0.1734 -0.4550 0.8735
vn 0.2163 -0.3812 0.8988
vn -0.0296 -0.4346 0.9001
vn -0.1246 0.3109 0.9422
vn -0.1341 0.2915 0.9471
vn -0.0646 -0.1490 0.9867
vn -0.0672 0.1679 0.9835
vn -0.0801 0.3858 0.9191
vn 0.0690 -0.7670 0.6379
vn 0.0065 -0.8059 0.5920
vn -0.0884 -0.8763 0.4736
vn -0.4046 -0.5108 0.7585
vn 0.5493 -0.6294 0.5497
vn -0.0288 -0.7751 0.6312
vn -0.0606 -0.7870 0.6140
vn 0.7893 0.5421 0.2884
vn 0.6144 0.5411 0.5742
vn 0.1512 0.9163 0.3709
vn 0.5203 0.6365 0.5693
vn 0.5941 0.6387 0.4890
vn -0.4602 0.6848 0.5650
vn -0.4217 0.8417 0.3371
vn 0.5978 0.3976 0.6961
vn 0.1857 0.8630 0.4699
vn 0.3873 0.7158 0.5811
vn 0.3749 0.3092 0.8740
vn 0.2595 0.5002 0.8261
vn 0.2582 0.3385 -0.9048
vn 0.0939 -0.1228 -0.9880
vn 0.2604 0.4235 0.8677
vn 0.1294 -0.2115 0.9688
vn -0.4133 0.6528 -0.6348
vn 0.3539 0.9144 -0.1965
vn 0.2066 0.9725 -0.1078
vn -0.0099 0.6157 -0.7879
vn -0.0501 0.2655 -0.9628
vn 0.3837 0.6913 -0.6123
vn 0.2071 0.6095 -0.7653
vn 0.3969 0.2970 -0.8685
vn 0.3148 -0.5231 -0.7920
vn 0.3410 -0.5017 -0.7950
vn 0.0949 -0.8908 -0.4443
vn 0.0897 -0.8930 -0.4410
vn 0.4990 -0.7972 -0.3398
vn -0.0002 -0.2770 -0.9609
vn -0.3547 -0.1119 -0.9283
vn -0.3089 0.1881 -0.9323
vn -0.6960 0.3715 -0.6144
vn -0.6653 0.4473 -0.5978
vn -0.0437 0.4155 -0.9085
vn -0.0125 0.3814 -0.9243
vn -0.2314 0.4542 -0.8603
vn 0.1042 0.9712 -0.2144
vn 0.4766 -0.5858 -0.6555
vn 0.5444 -0.3751 -0.7503
vn 0.3580 -0.5210 -0.7749
vn -0.1746 0.0292 -0.9842
vn -0.0310 -0.4201 -0.9070
vn -0.2449 -0.1906 -0.9506
vn -0.2363 -0.2267 -0.9449
vn 0.0510 -0.2445 -0.9683
vn -0.1014 -0.3656 -0.9252
vn -0.2764 -0.2667 -0.9233
vn -0.4053 0.1601 -0.9001
vn -0.2783 0.4350 -0.8564
vn -0.0969 0.3154 -0.9440
vn -0.0069 0.2894 -0.9572
vn -0.0542 0.3264 -0.9437
vn 0.0124 0.2864 -0.9580
vn 0.1021 -0.3770 -0.9206
vn -0.0819 -0.3639 -0.9278
vn 0.0411 -0.4100 -0.9112
vn 0.2694 0.8498 -0.4531
vn 0.2410 0.3236 -0.9150
vn 0.2051 0.3704 -0.9059
vn 0.1592 0.3062 -0.9386
vn -0.1839 0.1904 -0.9643
vn -0.3354 0.2483 -0.9088
vn 0.4960 0.2268 -0.8382
vn 0.2365 0.2838 -0.9293
vn 0.4081 0.8988 0.1601
vn 0.2830 -0.3700 0.8849
vn 0.3972 -0.5193 -0.7567
vn 0.1093 -0.3012 -0.9473
vn 0.4529 0.1911 -0.8708
vn 0.9677 -0.2390 -0.0798
vn 0.9662 -0.2386 0.0973
vn 0.4340 -0.9009 -0.0029
vn 0.4340 -0.9009 0.0023
vn -0.0070 -0.8065 -0.5912
vn 0.1485 -0.8615 0.4855
vn 0.1960 -0.7964 -0.5722
vn 0.1960 -0.7964 0.5722
vn 0.2091 -0.7755 -0.5958
vn 0.1491 -0.8614 0.4855
vn 0.4854 -0.6664 -0.5659
vn 0.2956 -0.9353 -0.1948
vn 0.2956 -0.9353 0.1948
vn 0.4854 -0.6664 0.5660
vn 0.4507 -0.7665 -0.4575
vn 0.4042 -0.8510 0.3351
vn 0.8194 0.0744 -0.5684
vn 0.8895 -0.0550 0.4535
vn 0.8102 0.1748 -0.5595
vn 0.8696 0.1876 0.4567
vn 0.8673 0.1013 -0.4873
vn 0.8017 0.2672 0.5347
vn 0.8193 0.2298 -0.5254
vn 0.6476 0.5037 0.5717
vn 0.1575 0.3149 0.9360
vn -0.4529 -0.3096 -0.8361
vn 0.3455 -0.0322 -0.9379
vn -0.7376 -0.0409 -0.6740
vn 0.3449 -0.1074 0.9325
vn 0.1942 0.0627 0.9790
vn 0.3677 -0.0792 0.9266
vn 0.7182 -0.1550 0.6784
vn 0.9783 -0.0353 0.2043
vn 0.7646 -0.1169 0.6338
vn -0.3221 0.0761 0.9436
vn 0.7566 0.1760 0.6298
vn 0.5374 0.1740 0.8252
vn -0.3300 0.0061 0.9440
vn -0.4579 -0.1036 0.8830
vn -0.1855 -0.2616 0.9472
vn -0.6174 -0.1398 0.7741
vn 0.7147 0.6786 0.1697
vn -0.6593 0.0337 -0.7512
vn -0.6495 -0.0683 -0.7573
vn 0.9481 0.2967 0.1140
vn 0.9438 0.2954 -0.1482
vn -0.9929 0.1052 0.0550
vn -0.9920 0.1074 0.0667
vn -0.9956 0.0651 -0.0673
vn -0.9587 0.1016 -0.2656
vn 0.1772 0.1227 -0.9765
vn 0.9084 0.1994 0.3675
vn 0.8956 0.2118 0.3912
vn 0.9164 0.2167 -0.3366
vn 0.9159 0.2188 -0.3366
vn 0.4520 0.1704 -0.8756
vn 0.3742 0.1371 -0.9171
vn 0.0325 0.0034 -0.9995
vn 0.1407 -0.0750 -0.9872
vn -0.1466 -0.0629 -0.9872
vn 0.6004 0.0458 -0.7984
vn 0.5069 0.0036 -0.8620
vn 0.5245 0.0770 -0.8479
vn 0.9190 -0.0226 0.3935
vn 0.7498 0.1851 0.6353
vn 0.8190 0.2022 -0.5370
vn 0.9457 -0.0342 -0.3233
vn 0.9308 -0.0337 0.3640
vn 0.0527 0.8260 -0.5613
vn -0.2038 0.8296 0.5198
vn 0.0611 0.9566 0.2851
vn -0.9531 -0.0637 -0.2958
vn -0.8840 -0.2125 0.4165
vn -0.8644 -0.0909 -0.4945
vn -0.8638 -0.2311 0.4477
vn -0.7340 -0.1964 -0.6502
vn -0.8746 0.3616 -0.3231
vn -0.8556 0.3264 -0.4018
vn -0.9098 0.3471 0.2277
vn -0.9035 0.3287 0.2751
vn -0.9941 0.0653 -0.0860
vn -0.9941 0.0653 0.0860
vn -0.9925 0.1111 0.0511
vn -0.9559 0.2908 -0.0398
vn -0.9414 0.3370 0.0135
vn -0.9042 0.0639 0.4222
vn -0.9400 -0.0403 0.3387
vn -0.4297 0.3007 0.8514
vn -0.4307 0.1159 0.8950
vn 0.2069 0.0787 0.9752
vn 0.3546 0.1392 0.9246
vn -0.3163 0.1207 0.9409
vn -0.7200 0.0961 0.6873
vn -0.4650 0.1488 0.8727
vn -0.7855 -0.1127 -0.6085
vn -0.9749 0.0270 -0.2211
vn -0.9601 0.1521 -0.2347
vn -0.7674 0.3239 -0.5534
vn -0.7523 0.0080 -0.6588
vn -0.7329 0.0128 -0.6802
vn -0.6165 0.2236 -0.7549
vn -0.6945 0.2551 -0.6728
vn -0.8696 0.1786 -0.4604
vn -0.4196 0.0945 -0.9028
vn 0.9012 0.0139 -0.4331
vn 0.8739 0.1037 -0.4749
vn -0.4227 -0.7015 0.5738
vn -0.4294 0.8780 -0.2117
vn -0.7808 0.0588 0.6220
vn -0.9076 -0.4147 0.0647
vn 0.2759 -0.2362 -0.9317
vn 0.9605 -0.0609 0.2717
vn 0.2365 -0.3464 0.9078
vn 0.4240 0.4581 0.7812
vn 0.7572 0.4671 0.4565
vn 0.9989 -0.0451 -0.0092
vn 0.9926 0.0851 0.0867
vn 0.9923 0.0428 0.1160
vn 0.7190 0.5973 -0.3553
vn 0.8441 -0.0162 -0.5360
vn 0.9586 0.0910 -0.2700
vn 0.8879 0.4375 -0.1420
vn 0.0082 0.9885 -0.1511
vn 0.9656 -0.0852 -0.2456
vn 0.4399 0.8066 0.3948
vn -0.7849 -0.6032 0.1415
vn -0.9025 -0.4259 -0.0645
vn -0.6831 -0.1717 0.7099
vn -0.9107 -0.4032 0.0900
vn -0.9427 -0.2369 0.2348
vn -0.6641 -0.5277 -0.5296
vn -0.7863 -0.4357 -0.4381
vn -0.9510 -0.1815 0.2503
vn -0.6100 0.1892 0.7695
vn -0.7360 -0.6533 -0.1773
vn -0.4094 -0.8327 -0.3728
vn -0.4685 -0.3601 -0.8068
vn -0.2904 -0.5664 -0.7713
vn -0.3348 -0.4824 -0.8094
vn -0.3645 -0.4405 -0.8204
vn 0.0807 -0.3291 -0.9409
vn -0.3182 -0.7691 -0.5543
vn -0.2878 0.5019 0.8156
vn -0.7764 -0.4543 -0.4368
vn 0.2049 -0.2397 -0.9490
vn -0.6347 -0.3306 -0.6984
vn 0.2768 -0.2046 -0.9389
vn -0.3844 -0.7731 -0.5044
vn -0.2209 -0.8567 -0.4660
vn -0.1178 -0.8046 -0.5820
vn -0.0876 -0.3460 -0.9341
vn 0.3049 -0.3024 -0.9031
vn -0.3473 -0.4133 -0.8418
vn -0.3704 -0.4285 -0.8241
vn -0.7936 -0.5193 -0.3171
vn 0.1207 -0.1325 -0.9838
vn -0.0235 -0.2655 -0.9638
vn -0.6827 0.4993 0.5334
vn -0.8127 0.1958 0.5488
vn -0.7614 0.2047 -0.6151
vn -0.7751 0.2501 -0.5803
vn -0.9748 0.2134 -0.0644
vn -0.9744 -0.0208 0.2238
vn -0.8790 0.0089 -0.4768
vn -0.9489 -0.1099 -0.2958
vn -0.4634 0.1179 0.8783
vn -0.3782 -0.6450 0.6640
vn -0.7753 0.0015 0.6316
vn -0.7588 -0.5100 0.4052
vn -0.4661 -0.1628 0.8696
vn -0.5557 -0.2317 0.7984
vn -0.9090 -0.1640 0.3831
vn 0.9881 0.1109 -0.1063
vn 0.7403 0.6598 -0.1289
vn 0.7606 0.5476 0.3487
vn 0.9868 0.1421 0.0778
vn 0.9789 -0.0861 0.1852
vn 0.8816 -0.0973 0.4619
vn 0.5086 -0.4608 0.7273
vn 0.8137 -0.0045 0.5812
vn 0.9189 0.1017 0.3811
vn 0.8957 -0.0245 0.4439
vn 0.3411 -0.2334 0.9106
vn 0.5836 0.3270 0.7433
vn 0.3042 -0.3621 0.8811
vn 0.3047 -0.2560 0.9174
vn 0.1705 -0.1726 0.9701
vn 0.4995 0.1245 -0.8573
vn -0.7934 -0.4739 0.3820
vn -0.4843 0.2309 -0.8439
vn -0.1047 0.3581 -0.9278
vn -0.8850 -0.4597 0.0738
vn -0.3318 0.1218 0.9355
vn -0.9514 0.2469 0.1838
vn -0.4445 0.0682 0.8932
vn -0.9509 -0.2593 0.1692
vn -0.3351 0.2562 -0.9067
vn 0.1897 0.4878 -0.8521
vn -0.8667 -0.0189 -0.4985
vn -0.8123 -0.0539 -0.5807
vn -0.8547 -0.1573 -0.4946
vn -0.8999 -0.1126 -0.4213
vn -0.3725 0.1350 0.9182
vn -0.9123 -0.0374 0.4077
vn -0.9336 -0.2412 0.2649
vn -0.2778 -0.2123 0.9369
vn -0.6752 -0.4974 0.5447
vn -0.9304 0.3058 0.2021
vn -0.9428 -0.1736 0.2845
vn -0.7399 -0.0230 0.6724
vn -0.3657 0.1822 0.9127
vn -0.4961 -0.1606 0.8533
vn -0.3311 0.0854 0.9397
vn 0.7592 0.4143 -0.5020
vn -0.2128 0.3270 0.9208
vn 0.2015 0.6949 -0.6903
vn 0.5806 0.8142 0.0050
vn 0.5542 0.6869 0.4701
vn 0.6861 0.6515 0.3236
vn 0.6827 -0.0452 -0.7293
vn 0.4215 0.3210 -0.8481
vn 0.7319 0.0679 -0.6780
vn 0.8652 -0.2231 -0.4491
vn 0.7967 -0.2614 -0.5449
vn 0.6240 0.3801 0.6827
vn 0.4746 0.4240 0.7714
vn 0.7358 -0.2088 0.6443
vn 0.9044 -0.0796 0.4192
vn 0.9897 0.0876 -0.1134
vn 0.1727 -0.0568 0.9833
vn 0.2373 -0.0358 0.9708
vn 0.5434 0.1131 -0.8318
vn 0.4153 -0.3798 -0.8266
vn -0.7859 0.1807 -0.5913
vn 0.0962 0.1310 -0.9867
vn -0.4162 0.3281 -0.8480
vn 0.1220 0.0885 -0.9886
vn -0.9920 0.1234 0.0248
vn -0.9235 -0.0488 0.3804
vn -0.4966 0.0641 0.8656
vn -0.4869 0.0557 0.8717
vn -0.9929 0.0987 -0.0665
vn -0.8911 0.2154 -0.3994
vn -0.9803 0.0783 0.1815
vn -0.8485 0.3702 -0.3781
vn -0.7713 0.3070 -0.5575
vn -0.3609 0.3839 0.8499
vn -0.4409 0.5038 0.7428
vn -0.0356 -0.0358 -0.9987
vn 0.0080 0.0682 -0.9976
vn 0.1092 0.7397 0.6641
vn -0.9099 0.4146 0.0131
vn 0.4216 0.9034 0.0787
vn -0.4193 -0.3003 -0.8568
vn 0.0682 -0.5601 -0.8256
vn 0.6924 0.3946 -0.6040
vn 0.7036 0.4846 0.5197
vn 0.4476 0.8913 0.0725
vn 0.7804 0.1884 0.5962
vn 0.7476 -0.0968 -0.6570
vn 0.5643 0.8254 -0.0178
vn 0.6492 0.5002 -0.5730
vn -0.9392 0.0835 -0.3331
vn -0.6981 0.6437 -0.3136
vn -0.8139 0.0961 0.5730
vn -0.6526 0.6017 0.4606
vn 0.1602 0.7744 -0.6121
vn 0.2164 0.7887 0.5754
vn 0.3190 0.9266 0.1992
vn 0.2595 0.9016 -0.3462
vn -0.3281 0.2342 -0.9151
vn -0.3936 0.0607 0.9173
vn 0.0142 0.3370 -0.9414
vn 0.1306 0.5283 -0.8389
vn -0.4602 0.0662 -0.8853
vn -0.0104 0.6521 -0.7581
vn -0.2377 -0.7130 -0.6596
vn -0.1919 0.1955 0.9617
vn 0.2975 0.7350 -0.6093
vn 0.0875 0.2211 0.9713
vn 0.0856 0.1955 0.9770
vn -0.2665 -0.7474 -0.6086
vn -0.3028 -0.7683 0.5640
vn -0.2259 -0.9047 0.3612
vn 0.5819 -0.2190 0.7832
vn -0.1323 -0.0551 -0.9897
vn 0.7937 -0.5995 -0.1032
vn 0.7944 -0.6042 -0.0623
vn 0.9182 0.1657 0.3597
vn 0.5943 -0.2174 0.7743
vn 0.8412 -0.3611 0.4024
vn 0.8829 0.1238 -0.4530
vn 0.5816 -0.1675 -0.7960
vn 0.8093 -0.4159 -0.4147
vn -0.5179 -0.7952 -0.3155
vn -0.7258 -0.6262 -0.2847
vn -0.4458 -0.4521 0.7726
vn -0.6113 -0.3171 0.7251
vn -0.2294 -0.6692 0.7068
vn -0.4284 -0.8563 -0.2886
vn 0.2233 0.2383 0.9452
vn 0.1901 -0.2996 -0.9349
vn 0.0330 -0.5097 0.8597
vn 0.8248 -0.4097 0.3897
vn -0.1520 -0.9437 -0.2937
vn 0.8650 -0.4567 -0.2078
vn -0.0254 -0.2182 -0.9756
vn -0.0093 0.3851 0.9228
vn 0.1478 0.6281 0.7640
vn 0.0836 0.9846 -0.1538
vn 0.1102 0.9658 -0.2346
vn 0.2149 0.9222 -0.3215
vn 0.0954 0.8364 -0.5397
vn 0.8163 -0.5005 0.2883
vn 0.9163 0.2959 0.2698
vn 0.8675 0.4735 -0.1523
vn 0.8619 0.4525 -0.2289
vn 0.9037 -0.0954 -0.4175
vn 0.3866 0.6487 0.6556
vn 0.2253 0.7202 -0.6561
vn 0.3597 0.9322 0.0409
vn 0.3393 0.8335 -0.4360
vn 0.4241 0.2410 -0.8730
vn 0.4849 -0.0171 -0.8744
vn -0.0869 0.1034 -0.9908
vn -0.0097 0.8330 0.5531
vn -0.9765 0.1603 0.1442
vn 0.3499 0.9333 -0.0805
vn 0.3353 0.9419 0.0193
vn 0.2881 0.8564 -0.4285
vn 0.3567 0.6882 0.6318
vn 0.1208 0.3105 0.9429
vn 0.3545 0.5169 0.7792
vn -0.4987 0.3626 -0.7873
vn -0.1417 0.0518 -0.9885
vn -0.1384 0.1849 -0.9730
vn 0.0294 0.5577 -0.8295
vn -0.4315 0.2628 -0.8630
vn -0.5744 -0.8185 0.0098
vn 0.0632 -0.6009 0.7968
vn -0.4657 -0.5555 0.6889
vn -0.4202 -0.5252 0.7400
vn -0.6992 0.7053 -0.1167
vn -0.5799 0.8145 -0.0171
vn -0.6829 0.3047 -0.6639
vn -0.5637 0.1806 0.8060
vn 0.9481 -0.1345 -0.2880
vn 0.8784 0.4524 0.1541
vn -0.9734 0.2292 0.0005
vn -0.9675 0.2468 0.0544
vn 0.0958 -0.9114 -0.4001
vn 0.8761 -0.0344 0.4809
vn 0.8297 -0.4802 -0.2845
vn -0.6355 0.4448 -0.6311
vn -0.1306 0.1876 -0.9735
vn -0.5482 0.2103 0.8095
vn -0.9450 0.1259 -0.3018
vn -0.4487 0.2539 0.8569
vn -0.5280 -0.2351 -0.8160
vn 0.6927 -0.6065 -0.3902
vn 0.8479 -0.0360 0.5290
vn 0.8714 -0.2786 0.4038
vn 0.7094 -0.3298 -0.6229
vn 0.2089 -0.3945 -0.8948
vn 0.4107 0.0656 -0.9094
vn -0.7191 -0.1373 -0.6812
vn -0.7652 0.6383 -0.0834
vn -0.2795 0.6893 0.6684
vn -0.7640 0.5156 0.3878
vn -0.8439 0.4949 0.2073
vn -0.7834 -0.1982 0.5891
vn -0.8465 0.4922 0.2027
vn -0.9019 0.3671 0.2278
vn -0.9161 0.3786 0.1318
vn -0.9422 -0.0680 -0.3282
vn -0.7976 0.5474 -0.2533
vn -0.7948 0.4209 -0.4372
vn -0.8935 -0.0514 -0.4461
vn -0.5210 0.2894 0.8030
vn 0.9621 -0.0343 -0.2704
vn 0.0314 -0.4931 0.8694
vn 0.0189 -0.2471 0.9688
vn 0.3951 0.6520 0.6471
vn 0.8931 0.0260 -0.4491
vn 0.2653 0.7741 0.5747
vn 0.2654 0.7687 0.5819
vn 0.2483 0.7228 -0.6450
vn 0.2338 0.4754 -0.8481
vn 0.0041 0.0357 -0.9994
vn 0.0188 0.2320 -0.9725
vn -0.7518 0.6114 0.2471
vn -0.7223 0.6830 0.1083
vn -0.9797 0.1943 0.0501
vn -0.7072 0.5651 -0.4249
vn -0.5154 0.1924 0.8351
vn 0.4592 -0.0578 0.8865
vn 0.7363 -0.2203 0.6398
vn 0.8848 -0.0987 0.4553
vn 0.7779 0.4363 0.4523
vn 0.7422 0.6546 0.1434
vn 0.4074 0.2094 0.8889
vn -0.1319 0.9287 -0.3466
vn -0.9496 0.2607 -0.1742
vn 0.0841 -0.8002 0.5938
vn 0.1043 -0.9926 -0.0618
vn -0.4873 -0.0172 0.8730
vn -0.7581 -0.5139 -0.4015
vn -0.2779 -0.9556 0.0980
vn -0.3958 0.4864 0.7789
vn -0.3458 -0.7056 -0.6185
vn -0.2426 -0.8222 -0.5149
vn -0.2323 -0.8150 -0.5308
vn -0.4011 -0.9033 0.1520
vn -0.2884 -0.8736 0.3921
vn -0.1706 -0.2026 0.9643
vn -0.7562 0.3236 -0.5687
vn 0.3459 -0.0850 0.9344
vn 0.1714 -0.0943 0.9807
vn 0.2499 -0.0595 0.9664
vn -0.4869 -0.0265 0.8731
vn -0.7313 -0.2258 0.6436
vn -0.6841 0.7230 -0.0966
vn -0.2285 0.8808 -0.4146
vn -0.8352 0.4947 -0.2404
vn 0.0334 0.2004 0.9792
vn -0.4755 -0.0512 0.8782
vn -0.3906 -0.5042 -0.7702
vn -0.1155 -0.9930 -0.0253
vn -0.2807 -0.7421 -0.6087
vn -0.2106 0.1260 0.9694
vn -0.3562 -0.6196 0.6994
vn -0.1039 0.7611 0.6402
vn 0.0921 0.9313 -0.3525
vn 0.1368 0.3595 0.9231
vn -0.2610 -0.6143 -0.7447
vn 0.0496 -0.1188 -0.9917
vn 0.9993 -0.0385 0.0012
vn 0.9688 -0.0671 0.2386
vn -0.0036 0.0290 -0.9996
vn 0.1051 0.9359 -0.3362
vn 0.0150 0.0415 -0.9990
vn -0.0964 -0.3520 -0.9310
vn -0.0601 -0.7574 -0.6501
vn 0.2466 0.8985 -0.3632
vn 0.0108 0.3214 -0.9469
vn 0.1640 0.7453 0.6462
vn 0.1171 0.6948 0.7096
vn -0.0468 -0.1314 0.9902
vn -0.0680 0.0308 0.9972
vn -0.2214 -0.7604 0.6106
vn -0.3614 -0.8504 0.3825
vn 0.9912 -0.0593 -0.1183
vn 0.9705 -0.0819 -0.2266
vn 0.2061 0.7748 0.5976
vn 0.3013 0.7351 -0.6073
vn 0.9961 -0.0735 0.0480
vn 0.9114 -0.0447 -0.4092
vn -0.1397 -0.6741 0.7253
vn 0.9503 -0.2452 -0.1917
vn 0.8789 -0.4492 0.1606
vn -0.8572 0.3305 -0.3949
vn -0.6112 0.7573 -0.2300
vn -0.5537 0.7504 0.3610
vn -0.5270 0.7831 0.3302
vn -0.8149 0.3617 0.4529
vn -0.8398 0.3617 -0.4049
vn 0.6314 -0.5277 -0.5682
vn 0.7810 -0.5740 0.2460
vn -0.0455 0.2297 0.9722
vn 0.7924 -0.4314 0.4312
vn 0.5283 -0.4756 0.7033
vn 0.7796 -0.5747 0.2489
vn 0.8650 -0.4869 -0.1210
vn -0.2884 -0.0045 0.9575
vn -0.5542 0.1854 0.8115
vn -0.8562 0.3711 -0.3594
vn -0.7104 0.2556 -0.6558
vn -0.0080 0.0294 -0.9995
vn -0.0454 0.0674 -0.9967
vn -0.1691 0.9773 -0.1274
vn 0.2150 0.9650 -0.1502
vn 0.9389 -0.3288 -0.1018
vn 0.9705 -0.2237 -0.0901
vn 0.9716 -0.1991 0.1277
vn 0.9199 -0.3473 0.1821
vn -0.5622 -0.7573 0.3324
vn 0.4308 -0.7095 -0.5578
vn 0.0890 0.0094 0.9960
vn 0.2448 -0.3080 -0.9193
vn -0.0085 -0.9993 0.0355
vn 0.5030 -0.6500 0.5697
vn 0.4211 -0.5179 0.7446
vn 0.8730 0.3087 0.3775
vn 0.7326 0.2248 0.6425
vn 0.8685 0.3717 0.3280
vn 0.7038 0.2295 -0.6723
vn 0.7029 0.3743 -0.6048
vn 0.2825 -0.1074 -0.9533
vn 0.3240 0.6721 -0.6658
vn 0.2052 0.9020 0.3798
vn -0.1537 0.9722 0.1768
vn 0.2979 0.9323 0.2053
vn 0.1101 0.6857 0.7195
vn 0.1891 0.4128 0.8910
vn -0.6462 -0.7121 -0.2744
vn 0.1537 -0.2943 -0.9433
vn 0.2212 -0.1052 -0.9695
vn 0.1123 0.3585 -0.9267
vn -0.1271 -0.5685 -0.8128
vn -0.2526 0.3226 -0.9122
vn -0.6801 -0.7326 0.0256
vn -0.6996 -0.7130 0.0459
vn -0.1239 -0.9921 0.0208
vn 0.0187 -0.3963 0.9179
vn -0.0455 -0.6406 0.7665
vn 0.0967 -0.3142 0.9444
vn 0.0247 0.1465 0.9889
vn -0.1150 -0.9925 0.0418
vn -0.1015 -0.6149 -0.7820
vn -0.3477 -0.5104 0.7865
vn 0.1337 0.3563 -0.9248
vn -0.9475 0.2170 -0.2350
vn 0.0401 0.2481 -0.9679
vn -0.1113 -0.4917 -0.8636
vn 0.1283 -0.2494 -0.9599
vn -0.8397 0.2102 -0.5007
vn -0.2899 0.9448 -0.1528
vn -0.0851 0.9842 0.1550
vn -0.0909 0.9862 0.1386
vn 0.4110 0.5842 0.6999
vn 0.0842 0.0975 0.9917
vn -0.4062 -0.0027 0.9138
vn 0.8477 -0.0387 0.5291
vn 0.8657 -0.0492 0.4982
vn 0.1525 -0.0394 0.9875
vn -0.5527 0.3452 0.7585
vn 0.7673 0.0070 0.6413
vn 0.7913 -0.1268 0.5982
vn -0.4064 -0.8832 -0.2342
vn -0.0654 -0.7190 0.6919
vn -0.0343 -0.8637 0.5029
vn 0.0067 -0.6881 -0.7256
vn 0.0044 -0.3239 -0.9461
vn -0.6197 -0.7652 -0.1746
vn -0.7007 -0.7126 -0.0355
vn -0.6234 -0.6178 -0.4793
vn -0.4689 -0.7314 0.4951
vn -0.0753 -0.0099 0.9971
vn 0.6964 0.3315 -0.6365
vn 0.7265 0.6842 -0.0638
vn 0.7485 0.3652 0.5535
vn 0.8113 -0.3972 0.4289
vn 0.7143 -0.6942 0.0888
vn 0.7113 -0.4902 -0.5037
vn -0.2523 -0.9454 0.2063
vn -0.3188 -0.9394 -0.1260
vn -0.2352 -0.7735 0.5885
vn -0.1236 -0.5552 0.8225
vn -0.3102 -0.9501 0.0328
vn 0.4412 0.4752 0.7613
vn 0.1684 0.2037 0.9644
vn 0.2471 0.8350 -0.4917
vn 0.3071 0.4713 -0.8268
vn 0.7836 0.3109 -0.5380
vn -0.0386 -0.1349 -0.9901
vn -0.2077 -0.7319 -0.6489
vn -0.2270 -0.7470 -0.6249
vn -0.2330 -0.7254 -0.6477
vn -0.0403 -0.1357 -0.9899
vn 0.9572 -0.2561 -0.1347
vn -0.0563 0.0908 -0.9943
vn 0.8976 -0.2209 0.3815
vn 0.9026 -0.3941 0.1731
vn 0.2191 0.8858 0.4091
vn 0.0337 -0.0290 0.9990
vn 0.0582 -0.1762 0.9826
vn 0.0386 0.2786 -0.9596
vn 0.4569 0.8884 -0.0440
vn 0.3148 0.8818 0.3511
vn -0.9323 0.3590 -0.0450
vn 0.1313 0.8099 -0.5717
vn -0.5453 0.7842 -0.2959
vn -0.6300 0.7550 0.1819
vn -0.1739 0.6306 0.7564
vn -0.0917 0.6300 0.7711
vn -0.0503 0.2388 -0.9698
vn 0.1043 0.3854 0.9168
vn 0.0888 0.2899 0.9529
vn -0.2605 0.6126 0.7462
vn -0.1743 0.8172 -0.5494
vn -0.9431 0.1298 -0.3061
vn -0.2468 0.1393 -0.9590
vn -0.8216 0.2123 -0.5291
vn -0.9183 0.2997 -0.2588
vn -0.9752 0.1341 0.1759
vn -0.8453 0.1624 0.5090
vn -0.6305 0.0332 0.7755
vn -0.2959 -0.2049 0.9330
vn -0.1473 -0.1035 0.9837
vn -0.2166 -0.9157 0.3385
vn 0.5777 -0.4579 0.6757
vn 0.8429 -0.3343 0.4217
vn -0.1706 -0.2072 0.9633
vn -0.2419 -0.1610 0.9568
vn 0.5640 -0.2819 -0.7762
vn 0.8926 -0.2516 -0.3742
vn 0.9893 -0.1422 -0.0319
vn 0.9591 -0.2830 0.0043
vn 0.6568 -0.0854 -0.7492
vn 0.8518 -0.3853 -0.3549
vn 0.8871 -0.4334 0.1590
vn 0.8801 -0.4715 -0.0563
vn 0.8875 -0.4539 -0.0795
vn 0.4697 -0.6044 -0.6435
vn 0.4302 -0.5773 -0.6941
vn -0.8734 -0.3285 -0.3595
vn -0.9173 -0.2703 -0.2924
vn -0.7319 -0.4977 0.4654
vn -0.2976 -0.3485 -0.8888
vn -0.2427 -0.1581 0.9571
vn -0.0786 -0.9771 -0.1977
vn -0.1007 -0.9115 -0.3987
vn -0.1683 -0.8814 0.4413
vn -0.0596 -0.7930 0.6064
vn -0.4909 -0.6557 0.5736
vn 0.0455 -0.5983 -0.8000
vn 0.0263 -0.4156 -0.9092
vn -0.2974 0.9544 0.0256
vn -0.4115 0.9096 0.0572
vn -0.2653 0.8899 0.3710
vn -0.1476 0.8494 -0.5067
vn 0.1427 0.7403 0.6569
vn 0.2433 0.8275 0.5061
vn 0.2002 0.9762 0.0831
vn 0.3062 0.9348 -0.1801
vn 0.2493 0.6433 -0.7239
vn 0.2990 0.5129 -0.8047
vn 0.0787 -0.2720 0.9591
vn 0.0728 -0.2438 0.9671
vn 0.7815 0.4021 0.4771
vn 0.9042 0.4220 -0.0660
vn 0.9063 0.1900 -0.3776
vn 0.8820 -0.2729 -0.3842
vn 0.7256 -0.6874 -0.0306
vn 0.5626 -0.6691 0.4856
vn 0.5835 -0.2211 0.7815
vn -0.8392 0.0623 -0.5403
vn -0.9222 -0.1497 -0.3566
vn -0.3153 0.1606 -0.9353
vn -0.4149 0.1598 -0.8957
vn -0.2020 0.3832 -0.9013
vn 0.9050 0.4213 0.0587
vn 0.7552 0.3516 -0.5533
vn 0.2145 0.9327 0.2901
vn 0.3983 0.4701 0.7876
vn -0.6119 0.1309 0.7800
vn -0.6946 -0.1093 0.7110
vn -0.6441 -0.0677 0.7619
vn 0.0953 0.3483 -0.9325
vn -0.3906 0.2513 -0.8856
vn -0.1936 0.9547 -0.2262
vn -0.7346 -0.2151 0.6435
vn 0.6169 0.2572 0.7438
vn -0.0767 0.9769 0.1995
vn -0.2082 0.9039 -0.3737
vn -0.0319 -0.8281 -0.5596
vn -0.1041 -0.7243 -0.6816
vn -0.8508 -0.4791 -0.2158
vn -0.1791 -0.9757 0.1259
vn -0.2103 -0.9716 0.1086
vn -0.8931 -0.4448 -0.0676
vn -0.8087 -0.5835 0.0750
vn -0.2608 -0.7336 0.6276
vn -0.3512 -0.6934 0.6292
vn -0.8057 -0.4505 0.3846
vn -0.4641 -0.0488 0.8844
vn -0.4687 -0.0567 0.8815
vn 0.0762 0.9876 0.1373
vn -0.1327 0.9732 0.1880
vn -0.6671 0.7236 0.1771
vn -0.8837 0.4055 0.2337
vn -0.9246 0.0570 0.3767
vn -0.9303 0.3562 0.0874
vn -0.9437 0.0290 -0.3296
vn -0.9231 0.0839 -0.3754
vn -0.6362 0.6997 0.3251
vn -0.1879 0.9421 0.2776
vn 0.0867 0.9332 0.3487
vn -0.9534 0.2430 -0.1787
vn -0.9156 0.0281 -0.4011
vn -0.9816 0.1463 0.1228
vn -0.6525 0.7221 0.2297
vn -0.3811 0.9155 0.1287
vn -0.7160 0.6821 0.1486
vn 0.6964 0.4000 -0.5958
vn 0.3199 0.1903 -0.9282
vn -0.1358 0.2276 -0.9642
vn 0.6124 -0.5323 0.5844
vn 0.1928 0.0203 0.9810
vn -0.2997 0.9444 0.1354
vn 0.0003 0.9805 0.1965
vn 0.6190 -0.5257 0.5835
vn 0.6570 -0.4039 0.6365
vn 0.9228 -0.1477 0.3558
vn 0.9295 -0.0957 0.3562
vn 0.8998 0.3784 0.2170
vn 0.2902 0.9366 0.1964
vn 0.5655 -0.8073 0.1685
vn -0.2822 0.9005 0.3307
vn 0.1151 0.9556 0.2711
vn 0.3013 0.9453 -0.1247
vn 0.3092 0.9189 0.2449
vn 0.2720 0.9306 0.2450
vn 0.6965 0.3957 -0.5986
vn 0.5346 0.4698 -0.7025
vn 0.2936 -0.7605 -0.5792
vn 0.6184 -0.7727 0.1437
vn 0.9823 -0.1621 0.0935
vn 0.9924 -0.1072 0.0598
vn 0.9755 0.2186 0.0260
vn 0.5291 0.8235 0.2047
vn 0.3698 -0.9107 -0.1841
vn 0.2063 -0.9025 -0.3781
vn 0.9349 -0.0829 0.3450
vn 0.8719 0.4710 -0.1338
vn 0.8958 0.3166 0.3119
vn 0.9851 0.1537 0.0774
vn -0.0676 -0.9764 0.2050
vn -0.1121 -0.0603 0.9919
vn 0.3060 0.7177 -0.6256
vn -0.3206 0.8709 -0.3726
vn -0.3206 0.8711 -0.3720
vn -0.0676 -0.9764 -0.2050
vn 0.2304 -0.7553 0.6135
vn 0.2149 0.9644 0.1542
vn 0.3159 0.0423 0.9478
vn 0.4801 -0.1583 0.8628
vn -0.0909 0.8249 -0.5579
vn 0.0952 -0.8751 -0.4744
vn -0.0316 -0.8842 -0.4660
vn 0.2496 -0.4096 -0.8775
vn 0.1664 -0.7813 0.6015
vn -0.0295 0.2811 0.9592
vn 0.3693 -0.7897 -0.4899
vn 0.0444 0.2854 0.9574
vn -0.0845 -0.2885 0.9537
vn -0.2168 0.8906 0.3998
vn 0.2740 0.4218 -0.8643
vn 0.3039 -0.3966 -0.8662
vn 0.3324 -0.8367 0.4352
vn 0.1302 0.3928 0.9103
vn -0.4497 0.7630 -0.4643
vn -0.6479 0.6141 -0.4507
vn 0.0966 -0.9188 -0.3827
vn 0.0235 -0.2239 0.9743
vn -0.2361 0.8847 0.4020
vn -0.1482 0.2881 -0.9461
vn 0.0754 -0.3011 -0.9506
vn 0.4235 -0.8776 0.2248
vn 0.0572 0.0227 0.9981
vn -0.1265 0.4976 0.8581
vn -0.1418 0.6440 0.7518
vn 0.0889 -0.0342 0.9955
vn -0.6992 0.5164 0.4945
vn -0.5049 0.8125 0.2916
vn -0.3299 0.4912 0.8062
vn -0.0371 0.9742 0.2225
vn 0.0298 0.9286 0.3699
vn 0.0338 0.6702 0.7414
vn -0.2589 0.6969 0.6688
vn -0.1393 0.8072 0.5735
vn -0.2613 0.9498 0.1721
vn -0.2724 0.9557 0.1112
vn -0.0922 -0.9143 -0.3945
vn 0.0488 -0.9750 -0.2170
vn -0.3664 -0.2615 0.8930
vn -0.0200 -0.3187 0.9476
vn -0.0120 -0.3599 0.9329
vn -0.0071 -0.3851 0.9228
vn -0.0332 0.2778 0.9601
vn -0.1069 0.3105 0.9446
vn -0.4974 0.5693 -0.6546
vn -0.0841 0.7999 -0.5942
vn 0.0621 -0.4107 0.9097
vn -0.0036 -0.9787 0.2051
vn -0.0036 -0.9949 0.1009
vn 0.2578 0.4522 -0.8538
vn -0.0618 -0.9493 0.3082
vn -0.0311 -0.9896 0.1402
vn 0.0078 -0.0726 -0.9973
vn 0.1193 -0.9689 -0.2169
vn 0.0994 -0.9474 -0.3042
vn -0.0036 -0.9975 0.0713
vn -0.0008 -0.9974 0.0714
vn -0.0728 -0.9643 -0.2547
vn 0.8171 0.5612 -0.1316
vn 0.4632 -0.6931 0.5524
vn 0.1725 -0.4235 -0.8893
vn 0.1834 0.4032 -0.8965
vn 0.2098 -0.7660 -0.6077
vn -0.2315 -0.7280 0.6453
vn 0.0406 -0.4772 0.8779
vn 0.0012 -0.3749 0.9271
vn 0.0389 -0.7803 0.6242
vn 0.0707 -0.7842 0.6164
vn 0.0548 0.3518 -0.9345
vn 0.3224 -0.2314 -0.9179
vn 0.0507 0.4539 0.8896
vn 0.2200 -0.2877 0.9321
vn 0.6681 0.6491 0.3637
vn -0.9692 0.1151 -0.2176
vn -0.7487 0.5345 -0.3921
vn -0.8186 0.0945 0.5665
vn -0.6128 0.6244 0.4844
vn -0.1080 0.9462 -0.3049
vn -0.9593 0.0984 -0.2646
usemtl Material.003
s off
f 5/1/1 4/2/1 68/3/1
f 11/4/2 16/5/2 9/6/2
f 144/7/3 10/8/3 145/9/3
f 94/10/4 98/11/4 22/12/4
f 62/13/5 120/14/5 57/15/5
f 64/16/6 9/6/6 100/17/6
f 98/11/7 102/18/7 22/12/7
f 17/19/8 143/20/8 9/6/8
f 94/10/9 95/21/9 101/22/9
f 119/23/10 60/24/10 120/14/10
f 11/4/11 79/25/11 18/26/11
f 16/5/12 70/27/12 142/28/12
f 10/8/13 73/29/13 145/9/13
f 61/30/14 20/31/14 19/32/14
f 35/33/15 114/34/15 125/35/15
f 88/36/16 20/31/16 21/37/16
f 24/38/17 71/39/17 26/40/17
f 83/41/18 31/42/18 30/43/18
f 73/29/19 10/8/19 17/19/19
f 111/44/20 47/45/20 46/46/20
f 151/47/21 24/38/21 152/48/21
f 25/49/22 39/50/22 31/42/22
f 30/43/23 37/51/23 29/52/23
f 27/53/24 36/54/24 35/33/24
f 32/55/25 26/40/25 34/56/25
f 30/43/26 39/50/26 38/57/26
f 29/52/27 36/54/27 28/58/27
f 43/59/28 52/60/28 51/61/28
f 112/62/29 44/63/29 113/64/29
f 114/34/30 42/65/30 115/66/30
f 116/67/31 41/68/31 117/69/31
f 110/70/32 41/68/32 47/45/32
f 111/44/33 45/71/33 112/62/33
f 114/34/34 44/63/34 43/59/34
f 115/66/35 40/72/35 116/67/35
f 40/72/36 50/73/36 48/74/36
f 46/46/37 55/75/37 54/76/37
f 45/71/38 52/60/38 44/63/38
f 42/65/39 51/61/39 50/73/39
f 40/72/40 49/77/40 41/68/40
f 47/45/41 49/77/41 55/75/41
f 46/46/42 53/78/42 45/71/42
f 57/15/43 60/24/43 61/30/43
f 59/79/44 57/15/44 12/80/44
f 4/2/45 62/13/45 59/79/45
f 5/1/46 62/13/46 56/81/46
f 18/26/47 69/82/47 72/83/47
f 124/84/48 69/82/48 19/32/48
f 72/83/49 75/85/49 65/86/49
f 69/82/50 66/87/50 75/85/50
f 65/86/51 76/88/51 71/39/51
f 26/40/52 76/88/52 74/89/52
f 27/53/53 76/88/53 77/90/53
f 66/87/54 76/88/54 75/85/54
f 78/91/55 59/79/55 12/80/55
f 81/92/56 4/2/56 59/79/56
f 78/91/57 64/16/57 81/92/57
f 81/92/58 3/93/58 68/3/58
f 102/18/59 82/94/59 83/41/59
f 141/95/60 147/96/60 146/97/60
f 22/12/61 87/98/61 94/10/61
f 20/31/62 84/99/62 19/32/62
f 88/36/63 90/100/63 84/99/63
f 91/101/64 90/100/64 89/102/64
f 93/103/65 86/104/65 91/101/65
f 29/52/66 92/105/66 93/103/66
f 86/104/67 123/106/67 90/100/67
f 19/32/68 123/106/68 124/84/68
f 124/84/69 121/107/69 66/87/69
f 92/105/70 121/107/70 86/104/70
f 77/90/71 122/108/71 27/53/71
f 80/109/72 65/86/72 71/39/72
f 67/110/73 72/83/73 65/86/73
f 70/27/74 140/111/74 72/83/74
f 60/24/75 21/37/75 20/31/75
f 98/11/76 105/112/76 104/113/76
f 13/114/77 101/22/77 95/21/77
f 1/115/78 100/17/78 96/116/78
f 104/113/79 106/117/79 103/118/79
f 99/119/80 105/112/80 13/114/80
f 1/115/81 97/120/81 8/121/81
f 14/122/82 102/18/82 109/123/82
f 98/11/83 108/124/83 109/123/83
f 109/123/84 15/125/84 14/122/84
f 15/125/85 107/126/85 97/120/85
f 104/113/86 107/126/86 108/124/86
f 6/127/87 106/117/87 99/119/87
f 32/55/88 115/66/88 116/67/88
f 6/127/89 7/128/89 106/117/89
f 7/128/90 103/118/90 106/117/90
f 103/118/91 7/128/91 107/126/91
f 8/121/92 97/120/92 107/126/92
f 7/128/93 8/121/93 107/126/93
f 36/54/94 114/34/94 35/33/94
f 38/57/95 112/62/95 37/51/95
f 39/50/96 117/69/96 110/70/96
f 32/55/97 117/69/97 33/129/97
f 125/35/98 114/34/98 115/66/98
f 37/51/99 113/64/99 36/54/99
f 38/57/100 110/70/100 111/44/100
f 99/119/101 118/130/101 6/127/101
f 118/130/102 13/114/102 119/23/102
f 119/23/103 58/131/103 118/130/103
f 118/130/104 58/131/104 6/127/104
f 6/127/105 58/131/105 5/1/105
f 95/21/106 119/23/106 13/114/106
f 60/24/107 119/23/107 95/21/107
f 66/87/108 122/108/108 77/90/108
f 92/105/109 28/58/109 122/108/109
f 27/53/110 122/108/110 28/58/110
f 123/106/111 121/107/111 124/84/111
f 123/106/112 84/99/112 90/100/112
f 84/99/113 123/106/113 19/32/113
f 93/103/114 30/43/114 29/52/114
f 83/41/115 91/101/115 87/98/115
f 83/41/116 87/98/116 22/12/116
f 88/36/117 94/10/117 89/102/117
f 94/10/118 88/36/118 21/37/118
f 94/10/119 87/98/119 89/102/119
f 91/101/120 89/102/120 87/98/120
f 34/56/121 125/35/121 115/66/121
f 74/89/122 27/53/122 125/35/122
f 35/33/123 125/35/123 27/53/123
f 126/132/124 18/26/124 79/25/124
f 63/133/125 126/132/125 79/25/125
f 18/26/126 126/132/126 19/32/126
f 19/32/127 126/132/127 61/30/127
f 63/133/128 61/30/128 126/132/128
f 78/91/129 12/80/129 79/25/129
f 79/25/130 12/80/130 63/133/130
f 12/80/131 57/15/131 63/133/131
f 61/30/132 63/133/132 57/15/132
f 49/77/133 127/134/133 128/135/133
f 55/75/134 128/135/134 133/136/134
f 52/60/135 129/137/135 51/61/135
f 53/78/136 130/138/136 52/60/136
f 72/83/137 140/111/137 18/26/137
f 16/5/138 18/26/138 140/111/138
f 70/27/139 16/5/139 140/111/139
f 9/6/140 16/5/140 17/19/140
f 143/20/141 17/19/141 10/8/141
f 142/28/142 154/139/142 16/5/142
f 17/19/143 16/5/143 154/139/143
f 141/95/144 73/29/144 142/28/144
f 23/140/145 145/9/145 73/29/145
f 145/9/146 23/140/146 144/7/146
f 14/122/147 144/7/147 23/140/147
f 14/122/148 15/125/148 144/7/148
f 97/120/149 144/7/149 15/125/149
f 144/7/150 97/120/150 10/8/150
f 97/120/151 96/116/151 10/8/151
f 10/8/152 96/116/152 143/20/152
f 96/116/153 100/17/153 143/20/153
f 100/17/154 9/6/154 143/20/154
f 70/27/155 67/110/155 142/28/155
f 142/28/156 67/110/156 153/141/156
f 153/141/157 67/110/157 85/142/157
f 18/26/158 16/5/158 11/4/158
f 146/97/159 147/96/159 23/140/159
f 141/95/160 146/97/160 73/29/160
f 23/140/161 73/29/161 146/97/161
f 147/96/162 148/143/162 23/140/162
f 23/140/163 148/143/163 82/94/163
f 147/96/164 149/144/164 148/143/164
f 141/95/165 149/144/165 147/96/165
f 148/143/166 149/144/166 82/94/166
f 82/94/167 149/144/167 85/142/167
f 141/95/168 85/142/168 149/144/168
f 67/110/169 80/109/169 151/47/169
f 67/110/170 151/47/170 85/142/170
f 150/145/171 85/142/171 151/47/171
f 80/109/172 24/38/172 151/47/172
f 150/145/173 151/47/173 152/48/173
f 152/48/174 25/49/174 150/145/174
f 31/42/175 150/145/175 25/49/175
f 85/142/176 150/145/176 82/94/176
f 82/94/177 150/145/177 31/42/177
f 26/40/178 32/55/178 24/38/178
f 152/48/179 24/38/179 32/55/179
f 32/55/180 33/129/180 152/48/180
f 152/48/181 33/129/181 25/49/181
f 141/95/182 142/28/182 153/141/182
f 85/142/183 141/95/183 153/141/183
f 142/28/184 73/29/184 154/139/184
f 73/29/185 17/19/185 154/139/185
f 74/89/186 34/56/186 26/40/186
f 131/146/187 53/78/187 161/147/187
f 55/75/188 133/136/188 160/148/188
f 133/136/189 128/135/189 163/149/189
f 162/150/190 133/136/190 163/149/190
f 132/151/191 156/152/191 159/153/191
f 132/151/192 159/153/192 164/154/192
f 132/151/193 164/154/193 158/155/193
f 132/151/194 158/155/194 156/152/194
f 156/152/195 158/155/195 160/148/195
f 164/154/196 161/147/196 158/155/196
f 158/155/197 155/156/197 166/157/197
f 158/155/198 165/158/198 155/156/198
f 160/148/199 158/155/199 166/157/199
f 161/147/200 165/158/200 158/155/200
f 55/75/201 166/157/201 155/156/201
f 55/75/202 155/156/202 54/76/202
f 53/78/203 54/76/203 155/156/203
f 155/156/204 165/158/204 53/78/204
f 160/148/205 166/157/205 55/75/205
f 161/147/206 53/78/206 165/158/206
f 156/152/207 160/148/207 159/153/207
f 164/154/208 159/153/208 161/147/208
f 159/153/209 160/148/209 157/159/209
f 159/153/210 157/159/210 161/147/210
f 160/148/211 133/136/211 157/159/211
f 161/147/212 157/159/212 131/146/212
f 162/150/213 157/159/213 133/136/213
f 157/159/214 167/160/214 131/146/214
f 130/138/215 131/146/215 167/160/215
f 128/135/216 127/134/216 170/161/216
f 169/162/217 128/135/217 170/161/217
f 169/162/218 170/161/218 127/134/218
f 202/163/219 174/164/219 172/165/219
f 202/163/220 168/166/220 174/164/220
f 174/164/221 130/138/221 172/165/221
f 167/160/222 172/165/222 130/138/222
f 173/167/223 202/163/223 167/160/223
f 172/165/224 167/160/224 202/163/224
f 168/166/225 194/168/225 193/169/225
f 173/167/226 137/170/226 202/163/226
f 136/171/227 202/163/227 137/170/227
f 174/164/228 168/166/228 176/172/228
f 176/172/229 129/137/229 174/164/229
f 130/138/230 174/164/230 129/137/230
f 176/172/225 168/166/225 193/169/225
f 51/61/231 129/137/231 176/172/231
f 50/73/232 127/134/232 48/74/232
f 201/173/233 197/174/233 195/175/233
f 127/134/234 178/176/234 169/162/234
f 137/170/235 181/177/235 138/178/235
f 138/178/236 181/177/236 139/179/236
f 171/180/234 169/162/234 178/176/234
f 134/181/237 190/182/237 188/183/237
f 134/181/238 188/183/238 135/184/238
f 201/173/239 187/185/239 134/181/239
f 134/181/240 187/185/240 190/182/240
f 209/186/241 182/187/241 171/180/241
f 137/170/242 173/167/242 181/177/242
f 181/177/243 173/167/243 180/188/243
f 180/188/244 179/189/244 181/177/244
f 179/189/245 139/179/245 181/177/245
f 139/179/246 179/189/246 209/186/246
f 182/187/247 209/186/247 179/189/247
f 171/180/248 182/187/248 169/162/248
f 182/187/249 128/135/249 169/162/249
f 128/135/250 182/187/250 163/149/250
f 163/149/251 182/187/251 162/150/251
f 182/187/252 198/190/252 162/150/252
f 179/189/253 198/190/253 182/187/253
f 167/160/254 180/188/254 173/167/254
f 167/160/255 157/159/255 183/191/255
f 157/159/256 162/150/256 183/191/256
f 180/188/257 183/191/257 162/150/257
f 180/188/258 167/160/258 183/191/258
f 177/192/259 127/134/259 50/73/259
f 50/73/260 51/61/260 184/193/260
f 177/192/261 50/73/261 184/193/261
f 176/172/262 184/193/262 51/61/262
f 184/193/263 176/172/263 177/192/263
f 127/134/264 177/192/264 178/176/264
f 176/172/265 175/194/265 177/192/265
f 178/176/266 177/192/266 175/194/266
f 189/195/267 187/185/267 185/196/267
f 190/182/268 187/185/268 189/195/268
f 190/182/269 189/195/269 188/183/269
f 188/183/270 189/195/270 186/197/270
f 175/194/271 186/197/271 189/195/271
f 175/194/272 189/195/272 185/196/272
f 135/184/273 188/183/273 192/198/273
f 192/198/274 188/183/274 191/199/274
f 188/183/275 186/197/275 191/199/275
f 191/199/276 186/197/276 176/172/276
f 175/194/277 176/172/277 186/197/277
f 191/199/278 193/169/278 192/198/278
f 176/172/279 193/169/279 191/199/279
f 168/166/280 202/163/280 194/168/280
f 202/163/281 136/171/281 194/168/281
f 193/169/282 194/168/282 136/171/282
f 135/184/283 192/198/283 193/169/283
f 135/184/284 193/169/284 136/171/284
f 175/194/285 185/196/285 178/176/285
f 201/173/286 195/175/286 187/185/286
f 195/175/287 196/200/287 187/185/287
f 187/185/288 196/200/288 185/196/288
f 178/176/289 185/196/289 196/200/289
f 178/176/290 196/200/290 171/180/290
f 195/175/291 197/174/291 196/200/291
f 197/174/292 171/180/292 196/200/292
f 171/180/293 197/174/293 209/186/293
f 209/186/294 197/174/294 201/173/294
f 180/188/295 162/150/295 198/190/295
f 198/190/296 179/189/296 180/188/296
f 199/201/297 200/202/297 136/171/297
f 281/203/298 276/204/298 337/205/298
f 134/181/299 205/206/299 206/207/299
f 134/181/300 135/184/300 208/208/300
f 210/209/301 211/210/301 209/186/301
f 212/211/302 137/170/302 213/212/302
f 212/211/303 214/213/303 137/170/303
f 214/213/304 212/211/304 215/214/304
f 213/212/305 215/214/305 212/211/305
f 213/212/306 137/170/306 216/215/306
f 138/178/307 217/216/307 216/215/307
f 137/170/308 138/178/308 216/215/308
f 218/217/309 139/179/309 220/218/309
f 220/218/310 221/219/310 218/217/310
f 218/217/311 217/216/311 138/178/311
f 138/178/312 139/179/312 218/217/312
f 282/220/313 337/205/313 276/204/313
f 217/216/314 218/217/314 219/221/314
f 285/222/315 379/223/315 219/221/315
f 204/224/316 201/173/316 206/207/316
f 201/173/317 134/181/317 206/207/317
f 206/207/318 205/206/318 226/225/318
f 204/224/319 206/207/319 225/226/319
f 226/225/320 225/226/320 206/207/320
f 204/224/321 225/226/321 227/227/321
f 225/226/322 238/228/322 260/229/322
f 225/226/323 226/225/323 243/230/323
f 226/225/324 205/206/324 228/231/324
f 260/229/325 227/227/325 225/226/325
f 204/224/326 227/227/326 229/232/326
f 204/224/327 229/232/327 201/173/327
f 209/186/328 201/173/328 232/233/328
f 229/232/329 230/234/329 201/173/329
f 230/234/330 232/233/330 201/173/330
f 210/209/331 209/186/331 231/235/331
f 231/235/332 209/186/332 232/233/332
f 228/231/333 205/206/333 236/236/333
f 225/226/334 261/237/334 238/228/334
f 260/229/335 239/238/335 235/239/335
f 210/209/336 231/235/336 233/240/336
f 233/240/337 231/235/337 235/239/337
f 232/233/338 230/234/338 231/235/338
f 229/232/339 227/227/339 230/234/339
f 230/234/340 227/227/340 231/235/340
f 227/227/341 235/239/341 231/235/341
f 235/239/342 227/227/342 260/229/342
f 240/241/343 239/238/343 241/242/343
f 239/238/344 238/228/344 241/242/344
f 238/228/345 261/237/345 241/242/345
f 242/243/346 237/244/346 240/241/346
f 240/241/347 237/244/347 239/238/347
f 253/245/348 243/230/348 228/231/348
f 243/230/349 226/225/349 228/231/349
f 205/206/350 208/208/350 207/246/350
f 134/181/351 208/208/351 205/206/351
f 207/246/352 208/208/352 203/247/352
f 203/247/353 208/208/353 265/248/353
f 205/206/354 207/246/354 244/249/354
f 236/236/355 205/206/355 244/249/355
f 135/184/356 136/171/356 245/250/356
f 200/202/357 245/250/357 136/171/357
f 203/247/358 264/251/358 200/202/358
f 245/250/359 200/202/359 264/251/359
f 200/202/360 199/201/360 247/252/360
f 246/253/361 247/252/361 199/201/361
f 200/202/362 247/252/362 203/247/362
f 216/215/363 248/254/363 213/212/363
f 248/254/364 223/255/364 213/212/364
f 213/212/365 223/255/365 215/214/365
f 217/216/366 248/254/366 216/215/366
f 222/256/367 248/254/367 217/216/367
f 248/254/368 222/256/368 223/255/368
f 137/170/369 249/257/369 136/171/369
f 137/170/370 214/213/370 249/257/370
f 249/257/371 224/258/371 250/259/371
f 250/259/372 224/258/372 251/260/372
f 251/260/373 224/258/373 252/261/373
f 224/258/374 249/257/374 214/213/374
f 199/201/375 136/171/375 249/257/375
f 249/257/376 250/259/376 199/201/376
f 199/201/377 250/259/377 246/253/377
f 237/244/378 242/243/378 234/262/378
f 225/226/379 243/230/379 259/263/379
f 241/242/380 254/264/380 240/241/380
f 242/243/381 240/241/381 254/264/381
f 225/226/382 259/263/382 261/237/382
f 253/245/383 267/265/383 243/230/383
f 266/266/384 262/267/384 268/268/384
f 259/263/385 243/230/385 266/266/385
f 259/263/386 266/266/386 261/237/386
f 254/264/387 241/242/387 255/269/387
f 254/264/388 256/270/388 242/243/388
f 241/242/389 263/271/389 255/269/389
f 257/272/390 255/269/390 263/271/390
f 257/272/391 263/271/391 261/237/391
f 241/242/392 261/237/392 263/271/392
f 267/265/393 266/266/393 243/230/393
f 203/247/394 265/248/394 264/251/394
f 208/208/395 135/184/395 265/248/395
f 245/250/396 265/248/396 135/184/396
f 264/251/397 265/248/397 245/250/397
f 266/266/398 268/268/398 261/237/398
f 257/272/399 261/237/399 268/268/399
f 257/272/400 268/268/400 262/267/400
f 266/266/401 267/265/401 262/267/401
f 258/273/402 262/267/402 267/265/402
f 258/273/403 267/265/403 253/245/403
f 271/274/404 242/243/404 256/270/404
f 258/273/405 253/245/405 269/275/405
f 242/243/406 271/274/406 234/262/406
f 271/274/407 270/276/407 234/262/407
f 269/275/408 253/245/408 270/276/408
f 234/262/409 270/276/409 253/245/409
f 220/218/410 209/186/410 272/277/410
f 220/218/411 139/179/411 209/186/411
f 221/219/412 220/218/412 272/277/412
f 211/210/413 272/277/413 209/186/413
f 272/277/414 211/210/414 221/219/414
f 223/255/415 224/258/415 214/213/415
f 215/214/416 223/255/416 214/213/416
f 252/261/417 223/255/417 273/278/417
f 224/258/418 223/255/418 252/261/418
f 359/279/419 387/280/419 284/281/419
f 250/259/420 274/282/420 246/253/420
f 251/260/421 274/282/421 250/259/421
f 237/244/422 234/262/422 233/240/422
f 235/239/423 237/244/423 233/240/423
f 275/283/424 276/204/424 210/209/424
f 210/209/425 276/204/425 211/210/425
f 233/240/426 275/283/426 210/209/426
f 233/240/427 234/262/427 275/283/427
f 277/284/428 203/247/428 278/285/428
f 247/252/429 278/285/429 203/247/429
f 247/252/430 246/253/430 274/282/430
f 278/285/431 247/252/431 274/282/431
f 207/246/432 203/247/432 277/284/432
f 244/249/433 207/246/433 277/284/433
f 279/286/434 236/236/434 280/287/434
f 244/249/435 280/287/435 236/236/435
f 277/284/436 280/287/436 244/249/436
f 236/236/437 279/286/437 228/231/437
f 253/245/438 228/231/438 279/286/438
f 276/204/439 281/203/439 211/210/439
f 275/283/440 234/262/440 276/204/440
f 279/286/441 282/220/441 253/245/441
f 253/245/442 282/220/442 234/262/442
f 282/220/443 276/204/443 234/262/443
f 260/229/444 238/228/444 239/238/444
f 235/239/445 239/238/445 237/244/445
f 286/288/446 219/221/446 389/289/446
f 219/221/447 283/290/447 285/222/447
f 222/256/448 379/223/448 285/222/448
f 284/281/449 222/256/449 388/291/449
f 338/292/450 211/210/450 287/293/450
f 286/288/451 287/293/451 288/294/451
f 286/288/452 283/290/452 219/221/452
f 295/295/453 293/296/453 292/297/453
f 294/298/454 292/297/454 289/299/454
f 299/300/455 292/297/455 293/296/455
f 298/301/456 289/299/456 292/297/456
f 289/299/457 283/290/457 300/302/457
f 289/299/458 301/303/458 283/290/458
f 297/304/459 301/303/459 289/299/459
f 289/299/460 300/302/460 294/298/460
f 295/295/461 294/298/461 302/305/461
f 298/301/462 299/300/462 305/306/462
f 302/305/463 294/298/463 303/307/463
f 300/302/464 303/307/464 294/298/464
f 296/308/465 295/295/465 302/305/465
f 300/302/466 286/288/466 303/307/466
f 303/307/467 304/309/467 302/305/467
f 298/301/468 305/306/468 297/304/468
f 285/222/469 455/310/469 352/311/469
f 301/303/470 297/304/470 305/306/470
f 306/312/471 301/303/471 305/306/471
f 304/309/472 307/313/472 302/305/472
f 305/306/473 307/313/473 306/312/473
f 306/312/474 307/313/474 304/309/474
f 309/314/475 305/306/475 299/300/475
f 302/305/476 308/315/476 296/308/476
f 310/316/477 308/315/477 307/313/477
f 310/316/478 307/313/478 309/314/478
f 307/313/479 305/306/479 311/317/479
f 305/306/480 309/314/480 311/317/480
f 307/313/481 311/317/481 309/314/481
f 307/313/482 312/318/482 302/305/482
f 308/315/483 302/305/483 312/318/483
f 308/315/484 312/318/484 307/313/484
f 296/308/485 314/319/485 313/320/485
f 296/308/486 313/320/486 293/296/486
f 293/296/487 313/320/487 299/300/487
f 315/321/488 299/300/488 313/320/488
f 313/320/489 316/322/489 315/321/489
f 314/319/490 316/322/490 313/320/490
f 309/314/491 299/300/491 315/321/491
f 308/315/492 314/319/492 296/308/492
f 320/323/493 315/321/493 408/324/493
f 408/324/494 322/325/494 320/323/494
f 316/322/495 314/319/495 317/326/495
f 322/325/496 317/326/496 430/327/496
f 314/319/497 308/315/497 321/328/497
f 315/321/498 320/323/498 309/314/498
f 309/314/499 320/323/499 318/329/499
f 309/314/500 318/329/500 310/316/500
f 318/329/501 319/330/501 310/316/501
f 310/316/502 321/328/502 308/315/502
f 319/330/503 321/328/503 310/316/503
f 408/324/504 317/326/504 322/325/504
f 320/323/505 322/325/505 318/329/505
f 319/330/506 318/329/506 322/325/506
f 321/328/507 319/330/507 322/325/507
f 430/327/508 321/328/508 322/325/508
f 285/222/509 283/290/509 301/303/509
f 286/288/510 300/302/510 283/290/510
f 288/294/511 323/331/511 286/288/511
f 288/294/512 287/293/512 324/332/512
f 324/332/513 287/293/513 325/333/513
f 287/293/514 281/203/514 325/333/514
f 303/307/515 286/288/515 326/334/515
f 323/331/516 326/334/516 286/288/516
f 304/309/517 303/307/517 326/334/517
f 291/335/518 331/336/518 323/331/518
f 291/335/519 323/331/519 288/294/519
f 291/335/520 288/294/520 324/332/520
f 326/334/521 323/331/521 331/336/521
f 327/337/522 326/334/522 331/336/522
f 331/336/523 333/338/523 327/337/523
f 325/333/524 328/339/524 324/332/524
f 328/339/525 335/340/525 324/332/525
f 335/340/526 332/341/526 324/332/526
f 324/332/527 332/341/527 291/335/527
f 325/333/528 281/203/528 328/339/528
f 335/340/529 328/339/529 330/342/529
f 342/343/530 411/344/530 334/345/530
f 334/345/531 330/342/531 333/338/531
f 330/342/532 327/337/532 333/338/532
f 336/346/533 291/335/533 339/347/533
f 291/335/534 336/346/534 331/336/534
f 332/341/535 339/347/535 291/335/535
f 333/338/536 331/336/536 336/346/536
f 338/292/537 287/293/537 218/217/537
f 287/293/538 286/288/538 389/289/538
f 336/346/539 339/347/539 341/348/539
f 339/347/540 340/349/540 341/348/540
f 342/343/541 335/340/541 411/344/541
f 342/343/542 334/345/542 343/350/542
f 342/343/543 343/350/543 335/340/543
f 339/347/544 332/341/544 344/351/544
f 335/340/545 344/351/545 332/341/545
f 336/346/546 345/352/546 333/338/546
f 423/353/547 340/349/547 424/354/547
f 341/348/548 345/352/548 336/346/548
f 344/351/549 335/340/549 346/355/549
f 335/340/550 343/350/550 346/355/550
f 343/350/551 334/345/551 428/356/551
f 334/345/552 333/338/552 345/352/552
f 211/210/553 338/292/553 221/219/553
f 221/219/554 338/292/554 218/217/554
f 281/203/555 287/293/555 211/210/555
f 328/339/556 281/203/556 337/205/556
f 328/339/557 337/205/557 330/342/557
f 282/220/558 279/286/558 337/205/558
f 326/334/559 327/337/559 304/309/559
f 337/205/560 347/357/560 330/342/560
f 327/337/561 330/342/561 304/309/561
f 347/357/562 304/309/562 330/342/562
f 337/205/563 279/286/563 347/357/563
f 280/287/564 347/357/564 279/286/564
f 347/357/565 280/287/565 348/358/565
f 304/309/566 347/357/566 348/358/566
f 306/312/567 304/309/567 348/358/567
f 280/287/568 277/284/568 348/358/568
f 348/358/569 349/359/569 306/312/569
f 349/359/570 351/360/570 306/312/570
f 306/312/571 354/361/571 455/310/571
f 351/360/572 354/361/572 306/312/572
f 455/310/573 285/222/573 301/303/573
f 388/291/574 222/256/574 285/222/574
f 290/362/575 284/281/575 352/311/575
f 352/311/576 353/363/576 290/362/576
f 355/364/577 353/363/577 352/311/577
f 352/311/578 354/361/578 355/364/578
f 367/365/579 355/364/579 354/361/579
f 367/365/580 354/361/580 351/360/580
f 349/359/581 348/358/581 350/366/581
f 348/358/582 277/284/582 350/366/582
f 278/285/583 358/367/583 277/284/583
f 350/366/584 277/284/584 358/367/584
f 274/282/585 358/367/585 278/285/585
f 360/368/586 252/261/586 359/279/586
f 273/278/587 359/279/587 252/261/587
f 222/256/588 387/280/588 223/255/588
f 284/281/589 387/280/589 222/256/589
f 284/281/590 361/369/590 359/279/590
f 360/368/591 359/279/591 361/369/591
f 378/370/592 361/369/592 284/281/592
f 350/366/593 362/371/593 349/359/593
f 362/371/594 363/372/594 364/373/594
f 362/371/595 364/373/595 349/359/595
f 363/372/596 365/374/596 364/373/596
f 364/373/597 365/374/597 349/359/597
f 366/375/598 349/359/598 365/374/598
f 365/374/599 363/372/599 378/370/599
f 351/360/600 349/359/600 366/375/600
f 367/365/601 351/360/601 366/375/601
f 366/375/602 368/376/602 367/365/602
f 365/374/603 356/377/603 366/375/603
f 368/376/604 366/375/604 356/377/604
f 356/377/605 365/374/605 378/370/605
f 350/366/606 358/367/606 364/373/606
f 252/261/607 360/368/607 251/260/607
f 360/368/608 369/378/608 251/260/608
f 251/260/609 369/378/609 274/282/609
f 369/378/610 370/379/610 274/282/610
f 358/367/611 274/282/611 370/379/611
f 364/373/612 358/367/612 370/379/612
f 363/372/613 364/373/613 371/380/613
f 370/379/614 371/380/614 364/373/614
f 369/378/615 360/368/615 372/381/615
f 370/379/616 369/378/616 373/382/616
f 371/380/617 370/379/617 373/382/617
f 374/383/618 376/384/618 375/385/618
f 374/383/619 375/385/619 373/382/619
f 372/381/620 385/386/620 369/378/620
f 373/382/621 369/378/621 385/386/621
f 377/387/622 372/381/622 361/369/622
f 361/369/623 378/370/623 377/387/623
f 361/369/624 372/381/624 360/368/624
f 363/372/625 375/385/625 380/388/625
f 378/370/626 363/372/626 380/388/626
f 379/223/627 222/256/627 217/216/627
f 219/221/628 379/223/628 217/216/628
f 378/370/629 380/388/629 381/389/629
f 377/387/630 378/370/630 381/389/630
f 380/388/631 382/390/631 381/389/631
f 380/388/632 376/384/632 382/390/632
f 376/384/633 380/388/633 375/385/633
f 381/389/634 383/391/634 377/387/634
f 381/389/635 382/390/635 448/392/635
f 383/391/636 372/381/636 377/387/636
f 372/381/637 383/391/637 384/393/637
f 384/393/638 386/394/638 372/381/638
f 386/394/639 385/386/639 372/381/639
f 373/382/640 385/386/640 386/394/640
f 374/383/641 373/382/641 386/394/641
f 359/279/642 273/278/642 387/280/642
f 273/278/643 223/255/643 387/280/643
f 352/311/644 284/281/644 388/291/644
f 285/222/645 352/311/645 388/291/645
f 287/293/646 389/289/646 218/217/646
f 218/217/647 389/289/647 219/221/647
f 390/395/648 356/377/648 378/370/648
f 368/376/649 357/396/649 367/365/649
f 357/396/650 368/376/650 356/377/650
f 394/397/651 392/398/651 355/364/651
f 355/364/652 392/398/652 353/363/652
f 290/362/653 353/363/653 392/398/653
f 393/399/654 290/362/654 392/398/654
f 392/398/655 395/400/655 393/399/655
f 431/401/656 392/398/656 394/397/656
f 357/396/657 391/402/657 367/365/657
f 357/396/658 356/377/658 391/402/658
f 390/395/659 290/362/659 393/399/659
f 398/403/660 390/395/660 397/404/660
f 390/395/661 398/403/661 356/377/661
f 391/402/662 356/377/662 398/403/662
f 391/402/663 399/405/663 367/365/663
f 393/399/664 397/404/664 390/395/664
f 395/400/665 434/406/665 393/399/665
f 394/397/666 355/364/666 431/401/666
f 396/407/667 431/401/667 355/364/667
f 367/365/668 396/407/668 355/364/668
f 399/405/669 396/407/669 367/365/669
f 401/408/670 405/409/670 343/350/670
f 402/410/671 405/409/671 401/408/671
f 406/411/672 404/412/672 414/413/672
f 404/412/673 406/411/673 403/414/673
f 404/412/674 403/414/674 407/415/674
f 407/415/675 414/413/675 404/412/675
f 334/345/676 411/344/676 330/342/676
f 414/413/677 410/416/677 406/411/677
f 258/273/678 419/417/678 476/418/678
f 406/411/679 410/416/679 415/419/679
f 418/420/680 410/416/680 414/413/680
f 407/415/681 418/420/681 414/413/681
f 409/421/682 418/420/682 407/415/682
f 403/414/683 417/422/683 407/415/683
f 407/415/684 417/422/684 409/421/684
f 403/414/685 402/410/685 417/422/685
f 403/414/686 416/423/686 402/410/686
f 416/423/687 403/414/687 406/411/687
f 416/423/688 406/411/688 415/419/688
f 405/409/689 402/410/689 416/423/689
f 402/410/690 401/408/690 417/422/690
f 401/408/691 343/350/691 420/424/691
f 417/422/692 401/408/692 420/424/692
f 417/422/693 420/424/693 413/425/693
f 413/425/694 409/421/694 417/422/694
f 412/426/695 340/349/695 423/353/695
f 415/419/696 410/416/696 429/427/696
f 416/423/697 415/419/697 429/427/697
f 416/423/698 429/427/698 405/409/698
f 429/427/699 410/416/699 412/426/699
f 483/428/700 477/429/700 478/430/700
f 412/426/701 421/431/701 340/349/701
f 341/348/702 340/349/702 421/431/702
f 412/426/703 410/416/703 421/431/703
f 413/425/704 418/420/704 409/421/704
f 421/431/705 418/420/705 422/432/705
f 418/420/706 413/425/706 422/432/706
f 422/432/707 413/425/707 426/433/707
f 418/420/708 421/431/708 410/416/708
f 429/427/709 412/426/709 423/353/709
f 421/431/710 422/432/710 341/348/710
f 346/355/711 405/409/711 429/427/711
f 340/349/712 339/347/712 424/354/712
f 424/354/713 346/355/713 429/427/713
f 423/353/714 424/354/714 429/427/714
f 346/355/715 424/354/715 344/351/715
f 344/351/716 424/354/716 339/347/716
f 346/355/717 343/350/717 405/409/717
f 420/424/718 343/350/718 427/434/718
f 427/434/719 426/433/719 420/424/719
f 420/424/720 426/433/720 413/425/720
f 426/433/721 425/435/721 422/432/721
f 422/432/722 425/435/722 341/348/722
f 427/434/723 343/350/723 428/356/723
f 334/345/724 345/352/724 428/356/724
f 426/433/725 345/352/725 425/435/725
f 345/352/726 341/348/726 425/435/726
f 427/434/727 428/356/727 426/433/727
f 428/356/728 345/352/728 426/433/728
f 335/340/729 330/342/729 411/344/729
f 315/321/730 316/322/730 408/324/730
f 317/326/731 408/324/731 316/322/731
f 317/326/732 314/319/732 430/327/732
f 430/327/733 314/319/733 321/328/733
f 432/436/734 433/437/734 431/401/734
f 433/437/735 395/400/735 431/401/735
f 432/436/736 431/401/736 396/407/736
f 433/437/737 434/406/737 395/400/737
f 397/404/738 393/399/738 434/406/738
f 438/438/739 442/439/739 437/440/739
f 442/439/740 438/438/740 440/441/740
f 441/442/741 442/439/741 440/441/741
f 441/442/742 435/443/742 442/439/742
f 436/444/743 442/439/743 435/443/743
f 437/440/744 442/439/744 436/444/744
f 433/437/745 436/444/745 435/443/745
f 432/436/746 436/444/746 433/437/746
f 433/437/747 435/443/747 434/406/747
f 435/443/748 441/442/748 434/406/748
f 439/445/749 438/438/749 440/441/749
f 441/442/750 440/441/750 443/446/750
f 443/446/751 446/447/751 441/442/751
f 439/445/752 438/438/752 444/448/752
f 438/438/753 437/440/753 444/448/753
f 439/445/754 444/448/754 391/402/754
f 444/448/755 437/440/755 445/449/755
f 437/440/756 436/444/756 445/449/756
f 436/444/757 432/436/757 445/449/757
f 432/436/758 396/407/758 445/449/758
f 445/449/759 396/407/759 444/448/759
f 399/405/760 391/402/760 444/448/760
f 396/407/761 399/405/761 444/448/761
f 398/403/762 397/404/762 446/447/762
f 398/403/763 446/447/763 391/402/763
f 443/446/764 391/402/764 446/447/764
f 434/406/765 441/442/765 446/447/765
f 434/406/766 446/447/766 397/404/766
f 438/438/767 439/445/767 391/402/767
f 438/438/768 391/402/768 440/441/768
f 443/446/769 440/441/769 391/402/769
f 395/400/770 392/398/770 431/401/770
f 383/391/771 381/389/771 448/392/771
f 447/450/772 383/391/772 448/392/772
f 447/450/773 449/451/773 383/391/773
f 383/391/774 449/451/774 450/452/774
f 383/391/775 450/452/775 384/393/775
f 382/390/776 451/453/776 448/392/776
f 378/370/777 284/281/777 390/395/777
f 290/362/778 390/395/778 284/281/778
f 455/310/779 301/303/779 306/312/779
f 455/310/780 354/361/780 352/311/780
f 454/454/781 448/392/781 451/453/781
f 454/454/782 453/455/782 448/392/782
f 448/392/783 452/456/783 447/450/783
f 452/456/784 448/392/784 453/455/784
f 456/457/785 449/451/785 447/450/785
f 452/456/786 456/457/786 447/450/786
f 449/451/787 456/457/787 450/452/787
f 386/394/788 450/452/788 458/458/788
f 384/393/789 450/452/789 386/394/789
f 386/394/790 458/458/790 374/383/790
f 457/459/791 374/383/791 458/458/791
f 458/458/792 459/460/792 457/459/792
f 456/457/793 458/458/793 450/452/793
f 458/458/794 456/457/794 459/460/794
f 463/461/795 376/384/795 460/462/795
f 463/461/796 460/462/796 454/454/796
f 374/383/797 461/463/797 376/384/797
f 461/463/798 374/383/798 462/464/798
f 454/454/799 451/453/799 463/461/799
f 461/463/800 460/462/800 376/384/800
f 374/383/801 457/459/801 462/464/801
f 460/462/802 462/464/802 457/459/802
f 462/464/803 460/462/803 461/463/803
f 451/453/804 382/390/804 463/461/804
f 376/384/805 463/461/805 382/390/805
f 453/455/806 400/465/806 452/456/806
f 453/455/807 464/466/807 400/465/807
f 400/465/808 456/457/808 452/456/808
f 454/454/809 464/466/809 453/455/809
f 456/457/810 465/467/810 459/460/810
f 464/466/811 466/468/811 400/465/811
f 466/468/812 467/469/812 400/465/812
f 400/465/813 467/469/813 465/467/813
f 468/470/814 465/467/814 467/469/814
f 400/465/815 465/467/815 456/457/815
f 464/466/816 454/454/816 469/471/816
f 466/468/817 464/466/817 469/471/817
f 471/472/818 460/462/818 470/473/818
f 470/473/819 460/462/819 457/459/819
f 457/459/820 459/460/820 470/473/820
f 454/454/821 460/462/821 471/472/821
f 470/473/822 459/460/822 472/474/822
f 473/475/823 470/473/823 472/474/823
f 470/473/824 473/475/824 471/472/824
f 473/475/825 474/476/825 471/472/825
f 454/454/826 471/472/826 474/476/826
f 469/471/827 454/454/827 474/476/827
f 465/467/828 472/474/828 459/460/828
f 465/467/829 468/470/829 472/474/829
f 475/477/830 473/475/830 472/474/830
f 474/476/831 473/475/831 475/477/831
f 474/476/832 475/477/832 469/471/832
f 469/471/833 475/477/833 466/468/833
f 467/469/834 466/468/834 475/477/834
f 468/470/835 467/469/835 475/477/835
f 475/477/836 472/474/836 468/470/836
f 257/272/837 481/478/837 255/269/837
f 481/478/838 480/479/838 255/269/838
f 255/269/839 478/430/839 254/264/839
f 478/430/840 255/269/840 480/479/840
f 479/480/841 478/430/841 484/481/841
f 271/274/842 482/482/842 270/276/842
f 271/274/843 256/270/843 482/482/843
f 270/276/844 476/418/844 419/417/844
f 482/482/845 476/418/845 270/276/845
f 258/273/846 257/272/846 262/267/846
f 257/272/847 258/273/847 481/478/847
f 258/273/848 476/418/848 481/478/848
f 484/481/849 478/430/849 477/429/849
f 478/430/850 480/479/850 483/428/850
f 484/481/851 477/429/851 485/483/851
f 489/484/852 481/478/852 476/418/852
f 489/484/853 476/418/853 482/482/853
f 486/485/854 487/486/854 485/483/854
f 486/485/855 477/429/855 483/428/855
f 490/487/856 495/488/856 489/484/856
f 481/478/857 489/484/857 495/488/857
f 494/489/858 481/478/858 495/488/858
f 491/490/859 496/491/859 490/487/859
f 495/488/860 490/487/860 496/491/860
f 495/488/861 497/492/861 494/489/861
f 496/491/862 497/492/862 495/488/862
f 492/493/863 498/494/863 496/491/863
f 492/493/864 496/491/864 491/490/864
f 497/492/865 496/491/865 498/494/865
f 493/495/866 500/496/866 492/493/866
f 498/494/867 492/493/867 500/496/867
f 493/495/868 488/497/868 499/498/868
f 500/496/869 493/495/869 499/498/869
f 501/499/870 500/496/870 499/498/870
f 501/499/871 497/492/871 500/496/871
f 498/494/872 500/496/872 497/492/872
f 497/492/873 501/499/873 494/489/873
f 481/478/874 502/500/874 480/479/874
f 483/428/875 480/479/875 502/500/875
f 486/485/876 483/428/876 502/500/876
f 487/486/877 486/485/877 499/498/877
f 488/497/878 487/486/878 499/498/878
f 494/489/879 503/501/879 502/500/879
f 494/489/880 502/500/880 481/478/880
f 501/499/881 503/501/881 494/489/881
f 501/499/882 499/498/882 503/501/882
f 503/501/883 499/498/883 502/500/883
f 486/485/884 502/500/884 499/498/884
f 482/482/885 256/270/885 479/480/885
f 256/270/886 254/264/886 479/480/886
f 478/430/887 479/480/887 254/264/887
f 492/493/888 491/490/888 504/502/888
f 493/495/889 492/493/889 506/503/889
f 493/495/890 507/504/890 488/497/890
f 506/503/891 507/504/891 493/495/891
f 504/502/892 505/505/892 492/493/892
f 506/503/893 492/493/893 505/505/893
f 505/505/894 504/502/894 508/506/894
f 505/505/895 508/506/895 506/503/895
f 508/506/896 509/507/896 506/503/896
f 507/504/897 506/503/897 509/507/897
f 491/490/898 490/487/898 504/502/898
f 488/497/899 507/504/899 487/486/899
f 487/486/900 507/504/900 485/483/900
f 485/483/901 510/508/901 484/481/901
f 507/504/902 510/508/902 485/483/902
f 509/507/903 510/508/903 507/504/903
f 510/508/904 482/482/904 479/480/904
f 479/480/905 484/481/905 510/508/905
f 511/509/906 489/484/906 512/510/906
f 504/502/907 511/509/907 512/510/907
f 504/502/908 512/510/908 508/506/908
f 512/510/909 513/511/909 508/506/909
f 509/507/910 508/506/910 513/511/910
f 510/508/911 509/507/911 515/512/911
f 509/507/912 492/493/912 515/512/912
f 489/484/913 482/482/913 512/510/913
f 512/510/914 482/482/914 513/511/914
f 510/508/915 515/512/915 482/482/915
f 482/482/916 515/512/916 513/511/916
f 509/507/917 513/511/917 515/512/917
f 3/93/1 2/513/1 68/3/1
f 2/513/1 1/115/1 7/128/1
f 68/3/1 2/513/1 7/128/1
f 1/115/1 8/121/1 7/128/1
f 7/128/1 6/127/1 68/3/1
f 6/127/1 5/1/1 68/3/1
f 5/1/1 56/81/1 4/2/1
f 94/10/918 101/22/918 98/11/918
f 62/13/919 58/131/919 120/14/919
f 100/17/920 2/513/920 64/16/920
f 2/513/921 3/93/921 64/16/921
f 64/16/922 11/4/922 9/6/922
f 98/11/923 109/123/923 102/18/923
f 94/10/924 21/37/924 95/21/924
f 11/4/925 78/91/925 79/25/925
f 61/30/926 60/24/926 20/31/926
f 88/36/927 84/99/927 20/31/927
f 24/38/928 80/109/928 71/39/928
f 83/41/929 82/94/929 31/42/929
f 111/44/930 110/70/930 47/45/930
f 25/49/931 33/129/931 39/50/931
f 30/43/932 38/57/932 37/51/932
f 27/53/933 28/58/933 36/54/933
f 30/43/934 31/42/934 39/50/934
f 29/52/27 37/51/27 36/54/27
f 43/59/935 44/63/935 52/60/935
f 112/62/936 45/71/936 44/63/936
f 114/34/937 43/59/937 42/65/937
f 116/67/938 40/72/938 41/68/938
f 110/70/939 117/69/939 41/68/939
f 111/44/940 46/46/940 45/71/940
f 114/34/941 113/64/941 44/63/941
f 115/66/942 42/65/942 40/72/942
f 40/72/943 42/65/943 50/73/943
f 46/46/944 47/45/944 55/75/944
f 45/71/945 53/78/945 52/60/945
f 42/65/946 43/59/946 51/61/946
f 40/72/947 48/74/947 49/77/947
f 47/45/948 41/68/948 49/77/948
f 46/46/949 54/76/949 53/78/949
f 57/15/950 120/14/950 60/24/950
f 59/79/951 62/13/951 57/15/951
f 4/2/952 56/81/952 62/13/952
f 5/1/953 58/131/953 62/13/953
f 18/26/954 19/32/954 69/82/954
f 72/83/955 69/82/955 75/85/955
f 69/82/956 124/84/956 66/87/956
f 65/86/957 75/85/957 76/88/957
f 26/40/958 71/39/958 76/88/958
f 27/53/959 74/89/959 76/88/959
f 66/87/960 77/90/960 76/88/960
f 78/91/961 81/92/961 59/79/961
f 81/92/58 68/3/58 4/2/58
f 78/91/962 11/4/962 64/16/962
f 81/92/963 64/16/963 3/93/963
f 83/41/964 22/12/964 102/18/964
f 102/18/965 23/140/965 82/94/965
f 88/36/966 89/102/966 90/100/966
f 91/101/967 86/104/967 90/100/967
f 93/103/968 92/105/968 86/104/968
f 29/52/969 28/58/969 92/105/969
f 86/104/970 121/107/970 123/106/970
f 92/105/971 122/108/971 121/107/971
f 80/109/972 67/110/972 65/86/972
f 67/110/973 70/27/973 72/83/973
f 60/24/974 95/21/974 21/37/974
f 98/11/975 101/22/975 105/112/975
f 13/114/976 105/112/976 101/22/976
f 1/115/977 2/513/977 100/17/977
f 104/113/978 105/112/978 106/117/978
f 99/119/979 106/117/979 105/112/979
f 1/115/980 96/116/980 97/120/980
f 14/122/981 23/140/981 102/18/981
f 98/11/982 104/113/982 108/124/982
f 109/123/983 108/124/983 15/125/983
f 15/125/984 108/124/984 107/126/984
f 104/113/985 103/118/985 107/126/985
f 32/55/986 34/56/986 115/66/986
f 36/54/94 113/64/94 114/34/94
f 38/57/987 111/44/987 112/62/987
f 39/50/988 33/129/988 117/69/988
f 32/55/989 116/67/989 117/69/989
f 37/51/99 112/62/99 113/64/99
f 38/57/990 39/50/990 110/70/990
f 118/130/991 99/119/991 13/114/991
f 119/23/992 120/14/992 58/131/992
f 66/87/993 121/107/993 122/108/993
f 93/103/994 83/41/994 30/43/994
f 83/41/995 93/103/995 91/101/995
f 49/77/996 48/74/996 127/134/996
f 55/75/997 49/77/997 128/135/997
f 52/60/998 130/138/998 129/137/998
f 53/78/999 131/146/999 130/138/999
f 74/89/1000 125/35/1000 34/56/1000
f 295/295/1001 296/308/1001 293/296/1001
f 294/298/1002 295/295/1002 292/297/1002
f 299/300/1003 298/301/1003 292/297/1003
f 298/301/1004 297/304/1004 289/299/1004
f 486/485/1005 485/483/1005 477/429/1005
f 509/507/1006 513/511/1006 492/493/1006
l 328 329
l 329 330
l 371 375
l 269 419
l 490 511
l 497 514
